spec_id,equipment_id,type_id,type_name,option_id,option_name,unit_id,unit_name,raw_specs,literal_value,literal_unit,literal_category,literal_type
edc0c7bc-fb0f-4d6e-aea9-27dd6427c20a,c876850f-e9d9-436a-9085-646148ce707c,bc663106-1c5c-4cc9-9f68-3a51eb3d4c5b,Manufacturer,74df1e98-d237-4dac-a7c1-024d504d41ab,Titus,,,"{"kind":"flat","type":"Manufacturer","unit":null,"value":"TITUS","category":null}",TITUS,,,Manufacturer
1fa48f11-1faa-4e77-ae7f-7799fe5180f7,c876850f-e9d9-436a-9085-646148ce707c,325c8c53-9f6e-4c60-b9b8-031a198a562a,Inlet Size,,,9b4bcff0-c98a-4b1a-9716-ca97df2009c5,inch,"{"kind":"flat","type":"Inlet Diameter","unit":"in","value":"6","category":"Casing"}",6,in,Casing,Inlet Diameter
6cd18e11-2c89-4a84-a53f-ca9ca99ecaa4,c876850f-e9d9-436a-9085-646148ce707c,ab685915-020e-4475-9f80-8a2915e81d5c,Air Flow,,,a791359d-783e-49ff-9190-1b028e527495,Cubic Feet per Minute,"{"kind":"flat","type":"Min","unit":"CFM","value":"40","category":"Airflow"}",40,CFM,Airflow,Min
d5d8d935-c584-4623-86b1-8cd423690dd7,c876850f-e9d9-436a-9085-646148ce707c,2d2ae19d-c0d6-41f1-a2c0-2a2b97a70745,Heating Capacity,,,b4146944-e490-4de3-bd2a-da7d7990c7d5,British Thermal Units per Hour,"{"kind":"flat","type":"TH","unit":"Btu/h","value":"9309.3","category":null}",9309.3,Btu/h,,TH
685e8614-ec8d-4eb8-a4ac-1c87a1db1f09,c876850f-e9d9-436a-9085-646148ce707c,00db6215-55f3-48dd-973e-ae6418c8d547,Pressure Drop,,,,,"{"kind":"flat","type":"APD","unit":"in-wg","value":"0.18","category":null}",0.18,in-wg,,APD
679439fa-4f3a-4a35-944f-c6581fc2bee7,c876850f-e9d9-436a-9085-646148ce707c,082d3bb4-ce82-4162-9a75-c84469bbe714,Fluid,,,,,"{"kind":"flat","type":"Fluid","unit":null,"value":"WATER","category":"Hot Water Coil"}",WATER,,Hot Water Coil,Fluid
58f1772c-5b8d-46ce-8ea3-b2660ffb1840,c876850f-e9d9-436a-9085-646148ce707c,eec607aa-5539-4423-90cf-d0a1e6b7910a,Reheat Coil Type,d1edc852-e089-4d4e-b751-9f2ec641a679,Hydronic - 2 Row,,,"{"kind":"flat","type":"Rows","unit":null,"value":"2","category":"Hot Water Coil"}",2,,Hot Water Coil,Rows
bde3e0ff-68c7-4830-9a91-0232e6aeb1da,c876850f-e9d9-436a-9085-646148ce707c,29a6d06e-c05a-4c84-9e54-70505f109a0c,Control Valve Type,617aa605-5425-4833-81dd-b2f775193085,Two-Way Modulating,,,"{"kind":"flat","type":"Control","unit":null,"value":"2-WAY","category":null}",2-WAY,,,Control
5fdc4f26-8b19-44b1-b0c1-99f620fedf16,c876850f-e9d9-436a-9085-646148ce707c,,,,,,,"{"kind":"flat","type":"RTU","unit":null,"value":"RTU-2","category":null}",RTU-2,,,RTU
e0a5b3d1-2d94-4f78-9387-e4a2a4158e97,c876850f-e9d9-436a-9085-646148ce707c,,,,,,,"{"kind":"flat","type":"Model","unit":null,"value":"DESV-06","category":null}",DESV-06,,,Model
7a27396a-18bd-4b38-b0d8-1e798ee769f0,c876850f-e9d9-436a-9085-646148ce707c,,,,,9b4bcff0-c98a-4b1a-9716-ca97df2009c5,inch,"{"kind":"flat","type":"Outlet Width","unit":"in","value":"12","category":"Casing"}",12,in,Casing,Outlet Width
47415967-f229-4bda-a20b-7398a73dba19,c876850f-e9d9-436a-9085-646148ce707c,,,,,9b4bcff0-c98a-4b1a-9716-ca97df2009c5,inch,"{"kind":"flat","type":"Outlet Height","unit":"in","value":"8","category":"Casing"}",8,in,Casing,Outlet Height
cc8e4429-1106-447f-8d23-21d2005a8152,c876850f-e9d9-436a-9085-646148ce707c,,,,,9b4bcff0-c98a-4b1a-9716-ca97df2009c5,inch,"{"kind":"flat","type":"Box Height","unit":"in","value":"12","category":"Casing"}",12,in,Casing,Box Height
bfa760fe-c7f0-4475-8e92-93ebc6423864,c876850f-e9d9-436a-9085-646148ce707c,,,,,a791359d-783e-49ff-9190-1b028e527495,Cubic Feet per Minute,"{"kind":"flat","type":"Heat","unit":"CFM","value":"160","category":"Airflow"}",160,CFM,Airflow,Heat
1b726b54-b1ac-4a67-80b1-dcad090e0273,c876850f-e9d9-436a-9085-646148ce707c,,,,,a791359d-783e-49ff-9190-1b028e527495,Cubic Feet per Minute,"{"kind":"flat","type":"Design","unit":"CFM","value":"375","category":"Airflow"}",375,CFM,Airflow,Design
df2b48cd-d241-4e6d-9337-d18e37cf971b,c876850f-e9d9-436a-9085-646148ce707c,,,,,74d20bbe-dc1e-4477-ad2e-b9a7abbcf136,Degrees Fahrenheit,"{"kind":"flat","type":"EAT DB","unit":"°F","value":"55","category":null}",55,°F,,EAT DB
4baff861-da4f-4ed2-a109-96afe037fd03,c876850f-e9d9-436a-9085-646148ce707c,,,,,74d20bbe-dc1e-4477-ad2e-b9a7abbcf136,Degrees Fahrenheit,"{"kind":"flat","type":"LAT DB","unit":"°F","value":"109","category":null}",109,°F,,LAT DB
ea150437-b15d-457c-95b9-72ecdaeb1151,c876850f-e9d9-436a-9085-646148ce707c,,,,,b1dbcb0d-fbe5-499b-a2f0-8d4c6ac9d120,Gallons per Minute,"{"kind":"flat","type":"GPM","unit":"GPM","value":"1","category":"Hot Water Coil"}",1,GPM,Hot Water Coil,GPM
ad7f2f23-f3e0-430f-8de9-fb1b30940b4f,c876850f-e9d9-436a-9085-646148ce707c,,,,,61cfa55b-e031-0bb9-6c24-af10e7af2b4c,Feet of Water Column,"{"kind":"flat","type":"WPD","unit":"ftH2O","value":"0.37","category":"Hot Water Coil"}",0.37,ftH2O,Hot Water Coil,WPD
2ba6749e-0877-4ae6-854b-7ff2592c33c0,c876850f-e9d9-436a-9085-646148ce707c,,,,,74d20bbe-dc1e-4477-ad2e-b9a7abbcf136,Degrees Fahrenheit,"{"kind":"flat","type":"EWT","unit":"°F","value":"160","category":"Hot Water Coil"}",160,°F,Hot Water Coil,EWT
4f5a2eab-3880-482d-a6cf-3f1a1295496e,c876850f-e9d9-436a-9085-646148ce707c,,,,,74d20bbe-dc1e-4477-ad2e-b9a7abbcf136,Degrees Fahrenheit,"{"kind":"flat","type":"LWT","unit":"°F","value":"141","category":"Hot Water Coil"}",141,°F,Hot Water Coil,LWT
f7467c29-08e8-4c46-beb5-fc901e829bba,c876850f-e9d9-436a-9085-646148ce707c,,,,,,,"{"kind":"flat","type":"FPI","unit":null,"value":"10","category":"Hot Water Coil"}",10,,Hot Water Coil,FPI
be52a96e-eaa8-4321-a292-afc356665824,c876850f-e9d9-436a-9085-646148ce707c,,,,,,,"{"kind":"flat","type":"CO2 Sensor","unit":null,"value":"Not Provided","category":null}",Not Provided,,,CO2 Sensor
9837e441-f5f2-48b3-82f0-52850a685357,c876850f-e9d9-436a-9085-646148ce707c,,,,,,,"{"kind":"flat","type":"Notes","unit":null,"value":"1,2,3,4,5,6,7","category":null}","1,2,3,4,5,6,7",,,Notes
eff794db-4e5f-46b7-9228-f0dde149cf57,2f7f6ab6-dc78-43ab-a466-02e2066b2034,bc663106-1c5c-4cc9-9f68-3a51eb3d4c5b,Manufacturer,74df1e98-d237-4dac-a7c1-024d504d41ab,Titus,,,"{"kind":"flat","type":"Manufacturer","unit":null,"value":"TITUS","category":null}",TITUS,,,Manufacturer
05abbe70-2be2-416e-a9c1-5b0670514d1c,2f7f6ab6-dc78-43ab-a466-02e2066b2034,325c8c53-9f6e-4c60-b9b8-031a198a562a,Inlet Size,,,9b4bcff0-c98a-4b1a-9716-ca97df2009c5,inch,"{"kind":"flat","type":"Inlet Diameter","unit":"in","value":"6","category":"Casing"}",6,in,Casing,Inlet Diameter
465353d9-2419-4ffc-9967-13ba81b09077,2f7f6ab6-dc78-43ab-a466-02e2066b2034,2d2ae19d-c0d6-41f1-a2c0-2a2b97a70745,Heating Capacity,,,b4146944-e490-4de3-bd2a-da7d7990c7d5,British Thermal Units per Hour,"{"kind":"flat","type":"TH","unit":"Btu/h","value":"9309.3","category":null}",9309.3,Btu/h,,TH
c55cc292-4643-4ed0-8df8-775b3634b621,2f7f6ab6-dc78-43ab-a466-02e2066b2034,00db6215-55f3-48dd-973e-ae6418c8d547,Pressure Drop,,,61cfa55b-e031-0bb9-6c24-af10e7af2b4c,Feet of Water Column,"{"kind":"flat","type":"WPD","unit":"ftH2O","value":"0.37","category":"Hot Water Coil"}",0.37,ftH2O,Hot Water Coil,WPD
347a5975-3bd6-419b-9175-69f04c0d1a4d,2f7f6ab6-dc78-43ab-a466-02e2066b2034,082d3bb4-ce82-4162-9a75-c84469bbe714,Fluid,,,,,"{"kind":"flat","type":"Fluid","unit":null,"value":"WATER","category":"Hot Water Coil"}",WATER,,Hot Water Coil,Fluid
fef1ddf2-248b-489d-9710-e3d40564074b,2f7f6ab6-dc78-43ab-a466-02e2066b2034,29a6d06e-c05a-4c84-9e54-70505f109a0c,Control Valve Type,,,,,"{"kind":"flat","type":"Control","unit":null,"value":"2-WAY","category":null}",2-WAY,,,Control
fa292144-4550-4b48-94c3-aaaf78bda43c,2f7f6ab6-dc78-43ab-a466-02e2066b2034,,,,,,,"{"kind":"flat","type":"RTU","unit":null,"value":"RTU-2","category":null}",RTU-2,,,RTU
94d08051-9b9d-4a59-b8b8-789e14350f3d,2f7f6ab6-dc78-43ab-a466-02e2066b2034,,,,,,,"{"kind":"flat","type":"Model","unit":null,"value":"DESV-06","category":null}",DESV-06,,,Model
aaf0c36f-3609-45b2-91d7-9e835f05e29e,2f7f6ab6-dc78-43ab-a466-02e2066b2034,,,,,9b4bcff0-c98a-4b1a-9716-ca97df2009c5,inch,"{"kind":"flat","type":"Outlet Width","unit":"in","value":"12","category":"Casing"}",12,in,Casing,Outlet Width
210a2591-d4b6-42ce-bb69-b128fcc4b138,2f7f6ab6-dc78-43ab-a466-02e2066b2034,,,,,9b4bcff0-c98a-4b1a-9716-ca97df2009c5,inch,"{"kind":"flat","type":"Outlet Height","unit":"in","value":"8","category":"Casing"}",8,in,Casing,Outlet Height
8235014b-4121-46ec-a4b5-8b124447d928,2f7f6ab6-dc78-43ab-a466-02e2066b2034,,,,,9b4bcff0-c98a-4b1a-9716-ca97df2009c5,inch,"{"kind":"flat","type":"Box Height","unit":"in","value":"12","category":"Casing"}",12,in,Casing,Box Height
527a3bcb-a935-4dfa-9400-407eedccf17f,2f7f6ab6-dc78-43ab-a466-02e2066b2034,,,,,a791359d-783e-49ff-9190-1b028e527495,Cubic Feet per Minute,"{"kind":"flat","type":"Min","unit":"CFM","value":"40","category":"Airflow"}",40,CFM,Airflow,Min
44aeea2e-63dd-45fd-913f-90dd261db967,2f7f6ab6-dc78-43ab-a466-02e2066b2034,,,,,a791359d-783e-49ff-9190-1b028e527495,Cubic Feet per Minute,"{"kind":"flat","type":"Heat","unit":"CFM","value":"160","category":"Airflow"}",160,CFM,Airflow,Heat
2bdd7b95-3cc8-4a2a-a0ec-09e425f0cfd8,2f7f6ab6-dc78-43ab-a466-02e2066b2034,,,,,a791359d-783e-49ff-9190-1b028e527495,Cubic Feet per Minute,"{"kind":"flat","type":"Design","unit":"CFM","value":"325","category":"Airflow"}",325,CFM,Airflow,Design
c408e2be-fc3d-46d8-b4a0-d9370a7b9598,2f7f6ab6-dc78-43ab-a466-02e2066b2034,,,,,74d20bbe-dc1e-4477-ad2e-b9a7abbcf136,Degrees Fahrenheit,"{"kind":"flat","type":"EAT DB","unit":"°F","value":"55","category":null}",55,°F,,EAT DB
de7a09e9-45e4-4add-89ca-e0d05fa5c3e9,2f7f6ab6-dc78-43ab-a466-02e2066b2034,,,,,74d20bbe-dc1e-4477-ad2e-b9a7abbcf136,Degrees Fahrenheit,"{"kind":"flat","type":"LAT DB","unit":"°F","value":"109","category":null}",109,°F,,LAT DB
7d92c12f-1485-4a79-8f43-2d26bdd91d70,2f7f6ab6-dc78-43ab-a466-02e2066b2034,,,,,,,"{"kind":"flat","type":"APD","unit":"in-wg","value":"0.18","category":null}",0.18,in-wg,,APD
d1a4942d-3688-44fd-8d62-5378123f132f,2f7f6ab6-dc78-43ab-a466-02e2066b2034,,,,,b1dbcb0d-fbe5-499b-a2f0-8d4c6ac9d120,Gallons per Minute,"{"kind":"flat","type":"GPM","unit":"GPM","value":"1","category":"Hot Water Coil"}",1,GPM,Hot Water Coil,GPM
329be611-80c9-421d-9acb-db1fd04ac8c2,2f7f6ab6-dc78-43ab-a466-02e2066b2034,,,,,74d20bbe-dc1e-4477-ad2e-b9a7abbcf136,Degrees Fahrenheit,"{"kind":"flat","type":"EWT","unit":"°F","value":"160","category":"Hot Water Coil"}",160,°F,Hot Water Coil,EWT
35ba69ca-9706-437a-9324-6dece888f878,2f7f6ab6-dc78-43ab-a466-02e2066b2034,,,,,74d20bbe-dc1e-4477-ad2e-b9a7abbcf136,Degrees Fahrenheit,"{"kind":"flat","type":"LWT","unit":"°F","value":"141","category":"Hot Water Coil"}",141,°F,Hot Water Coil,LWT
fa7e8b85-fe6c-4b96-85b9-b2a39d1ff8fa,2f7f6ab6-dc78-43ab-a466-02e2066b2034,,,,,,,"{"kind":"flat","type":"Rows","unit":null,"value":"2","category":"Hot Water Coil"}",2,,Hot Water Coil,Rows
d1986e47-0368-43df-89e3-0d7a2d4e7651,2f7f6ab6-dc78-43ab-a466-02e2066b2034,,,,,,,"{"kind":"flat","type":"FPI","unit":null,"value":"10","category":"Hot Water Coil"}",10,,Hot Water Coil,FPI
04c89f83-e2d2-4796-af06-cfb3658d360a,2f7f6ab6-dc78-43ab-a466-02e2066b2034,,,,,,,"{"kind":"flat","type":"CO2 Sensor","unit":null,"value":"Not Provided","category":null}",Not Provided,,,CO2 Sensor
bfc35a0e-f917-4538-adea-929a349affe3,2f7f6ab6-dc78-43ab-a466-02e2066b2034,,,,,,,"{"kind":"flat","type":"Notes","unit":null,"value":"1,2,3,4,5,6,7","category":null}","1,2,3,4,5,6,7",,,Notes
f86de5ca-9042-4186-a227-e52a39135553,a7c5808a-58fa-4ad5-8225-afe0b8bcbd1e,,,,,,,"{"kind":"flat","type":"RTU","unit":null,"value":"RTU-1","category":null}",RTU-1,,,RTU
cbbe992f-952e-4ebb-9529-dd3999fad567,a7c5808a-58fa-4ad5-8225-afe0b8bcbd1e,bc663106-1c5c-4cc9-9f68-3a51eb3d4c5b,Manufacturer,74df1e98-d237-4dac-a7c1-024d504d41ab,Titus,,,"{"kind":"flat","type":"Manufacturer","unit":null,"value":"TITUS","category":null}",TITUS,,,Manufacturer
9437555d-48f0-4372-b873-63b1923ab442,a7c5808a-58fa-4ad5-8225-afe0b8bcbd1e,,,,,,,"{"kind":"flat","type":"Model","unit":null,"value":"DESV-14","category":null}",DESV-14,,,Model
484b07ac-7336-48c9-a2f2-0407f08a6d21,a7c5808a-58fa-4ad5-8225-afe0b8bcbd1e,325c8c53-9f6e-4c60-b9b8-031a198a562a,Inlet Size,,,9b4bcff0-c98a-4b1a-9716-ca97df2009c5,inch,"{"kind":"flat","type":"Inlet Diameter","unit":"in","value":"14","category":"Casing"}",14,in,Casing,Inlet Diameter
dd33c2bd-6a2d-498b-8e2e-f2444c06f21e,a7c5808a-58fa-4ad5-8225-afe0b8bcbd1e,,,,,9b4bcff0-c98a-4b1a-9716-ca97df2009c5,inch,"{"kind":"flat","type":"Outlet Width","unit":"in","value":"20","category":"Casing"}",20,in,Casing,Outlet Width
ce8c758b-51c3-4f33-8f2b-36f3a2b4812a,a7c5808a-58fa-4ad5-8225-afe0b8bcbd1e,,,,,9b4bcff0-c98a-4b1a-9716-ca97df2009c5,inch,"{"kind":"flat","type":"Outlet Height","unit":"in","value":"18","category":"Casing"}",18,in,Casing,Outlet Height
b28764a9-58d4-4681-af1e-39d897ca8f37,a7c5808a-58fa-4ad5-8225-afe0b8bcbd1e,,,,,9b4bcff0-c98a-4b1a-9716-ca97df2009c5,inch,"{"kind":"flat","type":"Box Height","unit":"in","value":"18","category":"Casing"}",18,in,Casing,Box Height
010601ea-39a3-4472-b264-b4cb9a978afd,a7c5808a-58fa-4ad5-8225-afe0b8bcbd1e,ab685915-020e-4475-9f80-8a2915e81d5c,Air Flow,,,a791359d-783e-49ff-9190-1b028e527495,Cubic Feet per Minute,"{"kind":"flat","type":"Min","unit":"CFM","value":"220","category":"Airflow"}",220,CFM,Airflow,Min
b18a9568-dc52-44b2-bf4e-199fdfde2653,a7c5808a-58fa-4ad5-8225-afe0b8bcbd1e,,,,,a791359d-783e-49ff-9190-1b028e527495,Cubic Feet per Minute,"{"kind":"flat","type":"Heat","unit":"CFM","value":"880","category":"Airflow"}",880,CFM,Airflow,Heat
2f2ffbb6-14ce-45a6-871b-9e170a64430b,a7c5808a-58fa-4ad5-8225-afe0b8bcbd1e,,,,,a791359d-783e-49ff-9190-1b028e527495,Cubic Feet per Minute,"{"kind":"flat","type":"Design","unit":"CFM","value":"1500","category":"Airflow"}",1500,CFM,Airflow,Design
ef8aa58e-9d46-486f-89aa-c878aa527596,a7c5808a-58fa-4ad5-8225-afe0b8bcbd1e,2d2ae19d-c0d6-41f1-a2c0-2a2b97a70745,Heating Capacity,,,b4146944-e490-4de3-bd2a-da7d7990c7d5,British Thermal Units per Hour,"{"kind":"flat","type":"TH","unit":"Btu/h","value":"47447.4","category":null}",47447.4,Btu/h,,TH
fa5c4542-81c6-4d35-b659-4deec3666f8e,a7c5808a-58fa-4ad5-8225-afe0b8bcbd1e,,,,,74d20bbe-dc1e-4477-ad2e-b9a7abbcf136,Degrees Fahrenheit,"{"kind":"flat","type":"EAT DB","unit":"°F","value":"55","category":null}",55,°F,,EAT DB
de132318-9f0a-42dd-96a8-8e82e8cf639f,a7c5808a-58fa-4ad5-8225-afe0b8bcbd1e,,,,,74d20bbe-dc1e-4477-ad2e-b9a7abbcf136,Degrees Fahrenheit,"{"kind":"flat","type":"LAT DB","unit":"°F","value":"105","category":null}",105,°F,,LAT DB
5cbc8eb7-1ad6-46e2-a7f8-0c29e7461cd1,a7c5808a-58fa-4ad5-8225-afe0b8bcbd1e,00db6215-55f3-48dd-973e-ae6418c8d547,Pressure Drop,,,,,"{"kind":"flat","type":"APD","unit":"in-wg","value":"0.33","category":null}",0.33,in-wg,,APD
a2e1be5c-8a6e-4e78-9feb-3d2de16d6df6,a7c5808a-58fa-4ad5-8225-afe0b8bcbd1e,,,,,b1dbcb0d-fbe5-499b-a2f0-8d4c6ac9d120,Gallons per Minute,"{"kind":"flat","type":"GPM","unit":"GPM","value":"4","category":"Hot Water Coil"}",4,GPM,Hot Water Coil,GPM
bd2775bb-c55e-4bb4-badc-8d708813fcfa,a7c5808a-58fa-4ad5-8225-afe0b8bcbd1e,,,,,61cfa55b-e031-0bb9-6c24-af10e7af2b4c,Feet of Water Column,"{"kind":"flat","type":"WPD","unit":"ftH2O","value":"1.57","category":"Hot Water Coil"}",1.57,ftH2O,Hot Water Coil,WPD
5f675be6-88c3-44c4-a8fd-148083bb580d,a7c5808a-58fa-4ad5-8225-afe0b8bcbd1e,,,,,74d20bbe-dc1e-4477-ad2e-b9a7abbcf136,Degrees Fahrenheit,"{"kind":"flat","type":"EWT","unit":"°F","value":"160","category":"Hot Water Coil"}",160,°F,Hot Water Coil,EWT
19a9eb74-c4fd-48f2-aff1-b1a5663aabb1,a7c5808a-58fa-4ad5-8225-afe0b8bcbd1e,,,,,74d20bbe-dc1e-4477-ad2e-b9a7abbcf136,Degrees Fahrenheit,"{"kind":"flat","type":"LWT","unit":"°F","value":"136","category":"Hot Water Coil"}",136,°F,Hot Water Coil,LWT
14fbd8ca-8e0a-4d60-baa0-e56ad61e5868,a7c5808a-58fa-4ad5-8225-afe0b8bcbd1e,082d3bb4-ce82-4162-9a75-c84469bbe714,Fluid,,,,,"{"kind":"flat","type":"Fluid","unit":null,"value":"WATER","category":"Hot Water Coil"}",WATER,,Hot Water Coil,Fluid
6e26bb1a-8530-4571-89d8-909f1f3b69db,a7c5808a-58fa-4ad5-8225-afe0b8bcbd1e,eec607aa-5539-4423-90cf-d0a1e6b7910a,Reheat Coil Type,d1edc852-e089-4d4e-b751-9f2ec641a679,Hydronic - 2 Row,,,"{"kind":"flat","type":"Rows","unit":null,"value":"2","category":"Hot Water Coil"}",2,,Hot Water Coil,Rows
d91429b7-5882-4b40-b414-37ab5787ab34,a7c5808a-58fa-4ad5-8225-afe0b8bcbd1e,,,,,,,"{"kind":"flat","type":"FPI","unit":null,"value":"10","category":"Hot Water Coil"}",10,,Hot Water Coil,FPI
ccba3397-76be-44c2-8602-373ecab6cb83,a7c5808a-58fa-4ad5-8225-afe0b8bcbd1e,29a6d06e-c05a-4c84-9e54-70505f109a0c,Control Valve Type,617aa605-5425-4833-81dd-b2f775193085,Two-Way Modulating,,,"{"kind":"flat","type":"Control","unit":null,"value":"2-WAY","category":null}",2-WAY,,,Control
48b6d862-da82-427c-88f5-9f24dde66a4a,a7c5808a-58fa-4ad5-8225-afe0b8bcbd1e,,,,,,,"{"kind":"flat","type":"CO2 Sensor","unit":null,"value":"Provided","category":null}",Provided,,,CO2 Sensor
ddf739a6-dd6e-42ed-8d05-f69e106e061e,a7c5808a-58fa-4ad5-8225-afe0b8bcbd1e,,,,,,,"{"kind":"flat","type":"Notes","unit":null,"value":"1,2,3,4,5,6,7","category":null}","1,2,3,4,5,6,7",,,Notes
50313f70-17ea-44ce-9008-d1240be3dc8f,874ca3fd-3053-4d92-960c-2d826ef1b70f,,,,,,,"{"kind":"flat","type":"RTU","unit":null,"value":"RTU-2","category":null}",RTU-2,,,RTU
da34bf06-e59c-4db8-aadc-3a38ca4f9a98,874ca3fd-3053-4d92-960c-2d826ef1b70f,bc663106-1c5c-4cc9-9f68-3a51eb3d4c5b,Manufacturer,74df1e98-d237-4dac-a7c1-024d504d41ab,Titus,,,"{"kind":"flat","type":"Manufacturer","unit":null,"value":"TITUS","category":null}",TITUS,,,Manufacturer
3b078bc4-8314-4d9d-9dea-ef76ebc88c15,874ca3fd-3053-4d92-960c-2d826ef1b70f,,,,,,,"{"kind":"flat","type":"Model","unit":null,"value":"DESV-16","category":null}",DESV-16,,,Model
73dd5d2a-1bde-4254-8b0d-1e211019cc62,874ca3fd-3053-4d92-960c-2d826ef1b70f,325c8c53-9f6e-4c60-b9b8-031a198a562a,Inlet Size,,,9b4bcff0-c98a-4b1a-9716-ca97df2009c5,inch,"{"kind":"flat","type":"Inlet Diameter","unit":"in","value":"16","category":"Casing"}",16,in,Casing,Inlet Diameter
80ea127d-23e7-4b40-a312-ffb569f15463,874ca3fd-3053-4d92-960c-2d826ef1b70f,,,,,9b4bcff0-c98a-4b1a-9716-ca97df2009c5,inch,"{"kind":"flat","type":"Outlet Width","unit":"in","value":"24","category":"Casing"}",24,in,Casing,Outlet Width
e651ac1b-8d28-492c-9244-5d52f93d090a,874ca3fd-3053-4d92-960c-2d826ef1b70f,,,,,9b4bcff0-c98a-4b1a-9716-ca97df2009c5,inch,"{"kind":"flat","type":"Outlet Height","unit":"in","value":"18","category":"Casing"}",18,in,Casing,Outlet Height
eeb6c3a6-d68d-4bef-8164-edca113f6771,874ca3fd-3053-4d92-960c-2d826ef1b70f,,,,,9b4bcff0-c98a-4b1a-9716-ca97df2009c5,inch,"{"kind":"flat","type":"Box Height","unit":"in","value":"18","category":"Casing"}",18,in,Casing,Box Height
bc57b4cc-46c9-4840-ba03-c1cf0289ad54,874ca3fd-3053-4d92-960c-2d826ef1b70f,,,,,a791359d-783e-49ff-9190-1b028e527495,Cubic Feet per Minute,"{"kind":"flat","type":"Min","unit":"CFM","value":"270","category":"Airflow"}",270,CFM,Airflow,Min
aec787c7-85a0-4d57-a588-7138764ba0b2,874ca3fd-3053-4d92-960c-2d826ef1b70f,2d2ae19d-c0d6-41f1-a2c0-2a2b97a70745,Heating Capacity,,,b4146944-e490-4de3-bd2a-da7d7990c7d5,British Thermal Units per Hour,"{"kind":"flat","type":"TH","unit":"Btu/h","value":"54304.3","category":null}",54304.3,Btu/h,,TH
3c2f8293-8ba2-4148-aa91-5afb8f08f35f,874ca3fd-3053-4d92-960c-2d826ef1b70f,00db6215-55f3-48dd-973e-ae6418c8d547,Pressure Drop,,,,,"{"kind":"flat","type":"APD","unit":"in-wg","value":"0.48","category":null}",0.48,in-wg,,APD
4260cc34-a86d-41b5-9d5b-58c8b133d2b6,874ca3fd-3053-4d92-960c-2d826ef1b70f,082d3bb4-ce82-4162-9a75-c84469bbe714,Fluid,,,,,"{"kind":"flat","type":"Fluid","unit":null,"value":"WATER","category":"Hot Water Coil"}",WATER,,Hot Water Coil,Fluid
65041018-18e8-4cd6-aefe-b57881e56bd3,874ca3fd-3053-4d92-960c-2d826ef1b70f,,,,,,,"{"kind":"flat","type":"Control","unit":null,"value":"2-WAY","category":null}",2-WAY,,,Control
213218c0-17d9-4f3f-ac8f-e6e1efa7b204,874ca3fd-3053-4d92-960c-2d826ef1b70f,,,,,a791359d-783e-49ff-9190-1b028e527495,Cubic Feet per Minute,"{"kind":"flat","type":"Heat","unit":"CFM","value":"1080","category":"Airflow"}",1080,CFM,Airflow,Heat
51529913-a3f1-41e4-b2c1-2ef23a4ab0d2,874ca3fd-3053-4d92-960c-2d826ef1b70f,,,,,a791359d-783e-49ff-9190-1b028e527495,Cubic Feet per Minute,"{"kind":"flat","type":"Design","unit":"CFM","value":"2600","category":"Airflow"}",2600,CFM,Airflow,Design
c760746b-fd06-43bd-af62-a6bc500e56d0,874ca3fd-3053-4d92-960c-2d826ef1b70f,,,,,74d20bbe-dc1e-4477-ad2e-b9a7abbcf136,Degrees Fahrenheit,"{"kind":"flat","type":"EAT DB","unit":"°F","value":"55","category":null}",55,°F,,EAT DB
9ee12938-2db0-4a87-88d1-6b186d05eeeb,874ca3fd-3053-4d92-960c-2d826ef1b70f,,,,,74d20bbe-dc1e-4477-ad2e-b9a7abbcf136,Degrees Fahrenheit,"{"kind":"flat","type":"LAT DB","unit":"°F","value":"101","category":null}",101,°F,,LAT DB
a2294c98-a490-4744-abc9-c64c0bc3cb5c,874ca3fd-3053-4d92-960c-2d826ef1b70f,,,,,b1dbcb0d-fbe5-499b-a2f0-8d4c6ac9d120,Gallons per Minute,"{"kind":"flat","type":"GPM","unit":"GPM","value":"5","category":"Hot Water Coil"}",5,GPM,Hot Water Coil,GPM
8d32be9a-df04-4ca9-801b-33d6aaa4509a,874ca3fd-3053-4d92-960c-2d826ef1b70f,,,,,61cfa55b-e031-0bb9-6c24-af10e7af2b4c,Feet of Water Column,"{"kind":"flat","type":"WPD","unit":"ftH2O","value":"3.28","category":"Hot Water Coil"}",3.28,ftH2O,Hot Water Coil,WPD
9a8f304f-496b-41a7-9c4d-8d8ff8b20393,874ca3fd-3053-4d92-960c-2d826ef1b70f,,,,,74d20bbe-dc1e-4477-ad2e-b9a7abbcf136,Degrees Fahrenheit,"{"kind":"flat","type":"EWT","unit":"°F","value":"160","category":"Hot Water Coil"}",160,°F,Hot Water Coil,EWT
0c4f4ee0-18cb-47a6-9ef2-af883caf90f0,874ca3fd-3053-4d92-960c-2d826ef1b70f,,,,,74d20bbe-dc1e-4477-ad2e-b9a7abbcf136,Degrees Fahrenheit,"{"kind":"flat","type":"LWT","unit":"°F","value":"138","category":"Hot Water Coil"}",138,°F,Hot Water Coil,LWT
59e14adf-97dc-4437-afb8-2746c80b6f99,874ca3fd-3053-4d92-960c-2d826ef1b70f,,,,,,,"{"kind":"flat","type":"Rows","unit":null,"value":"2","category":"Hot Water Coil"}",2,,Hot Water Coil,Rows
462f1542-8fde-4fbd-9d3e-f64c7a6ab064,874ca3fd-3053-4d92-960c-2d826ef1b70f,,,,,,,"{"kind":"flat","type":"FPI","unit":null,"value":"10","category":"Hot Water Coil"}",10,,Hot Water Coil,FPI
ea0741bd-968f-443c-b629-3d0b6be851d1,874ca3fd-3053-4d92-960c-2d826ef1b70f,,,,,,,"{"kind":"flat","type":"CO2 Sensor","unit":null,"value":"Provided","category":null}",Provided,,,CO2 Sensor
ab43f4cb-1edd-4863-ab04-27024e123e7a,874ca3fd-3053-4d92-960c-2d826ef1b70f,,,,,,,"{"kind":"flat","type":"Notes","unit":null,"value":"1,2,3,4,5,6,7","category":null}","1,2,3,4,5,6,7",,,Notes
3b021ec4-0f04-4bd3-9479-17fd6f64e234,cdae2217-5f7d-4aef-ba1f-c2d8babe9e38,,,,,,,"{"kind":"flat","type":"RTU","unit":null,"value":"RTU-2","category":null}",RTU-2,,,RTU
61e33a0f-9769-4a4c-9f99-c079fccd3a54,cdae2217-5f7d-4aef-ba1f-c2d8babe9e38,bc663106-1c5c-4cc9-9f68-3a51eb3d4c5b,Manufacturer,74df1e98-d237-4dac-a7c1-024d504d41ab,Titus,,,"{"kind":"flat","type":"Manufacturer","unit":null,"value":"TITUS","category":null}",TITUS,,,Manufacturer
7c1a1879-467f-41e6-a819-c2d35784099a,cdae2217-5f7d-4aef-ba1f-c2d8babe9e38,,,,,,,"{"kind":"flat","type":"Model","unit":null,"value":"DESV-08","category":null}",DESV-08,,,Model
f46abd8e-5304-4435-a3a7-1c82137b02ae,cdae2217-5f7d-4aef-ba1f-c2d8babe9e38,325c8c53-9f6e-4c60-b9b8-031a198a562a,Inlet Size,,,9b4bcff0-c98a-4b1a-9716-ca97df2009c5,inch,"{"kind":"flat","type":"Inlet Diameter","unit":"in","value":"8","category":"Casing"}",8,in,Casing,Inlet Diameter
ae654b01-d5d9-4e77-83e9-fe7cc4bf6f02,cdae2217-5f7d-4aef-ba1f-c2d8babe9e38,,,,,9b4bcff0-c98a-4b1a-9716-ca97df2009c5,inch,"{"kind":"flat","type":"Outlet Width","unit":"in","value":"12","category":"Casing"}",12,in,Casing,Outlet Width
69cf86a7-1307-49b2-b2de-46e3b6eb1df8,cdae2217-5f7d-4aef-ba1f-c2d8babe9e38,,,,,9b4bcff0-c98a-4b1a-9716-ca97df2009c5,inch,"{"kind":"flat","type":"Outlet Height","unit":"in","value":"10","category":"Casing"}",10,in,Casing,Outlet Height
c29d3dec-116b-4521-aee0-018cb96be87d,cdae2217-5f7d-4aef-ba1f-c2d8babe9e38,,,,,9b4bcff0-c98a-4b1a-9716-ca97df2009c5,inch,"{"kind":"flat","type":"Box Height","unit":"in","value":"12","category":"Casing"}",12,in,Casing,Box Height
3785a3fc-40fa-48f9-8156-df0d60a893e8,cdae2217-5f7d-4aef-ba1f-c2d8babe9e38,,,,,a791359d-783e-49ff-9190-1b028e527495,Cubic Feet per Minute,"{"kind":"flat","type":"Min","unit":"CFM","value":"70","category":"Airflow"}",70,CFM,Airflow,Min
ba54acf9-d3fa-4f06-bc91-4029c1ca183c,cdae2217-5f7d-4aef-ba1f-c2d8babe9e38,2d2ae19d-c0d6-41f1-a2c0-2a2b97a70745,Heating Capacity,,,b4146944-e490-4de3-bd2a-da7d7990c7d5,British Thermal Units per Hour,"{"kind":"flat","type":"TH","unit":"Btu/h","value":"15315.3","category":null}",15315.3,Btu/h,,TH
12b4c339-16ee-4715-be64-7df4315fcc94,cdae2217-5f7d-4aef-ba1f-c2d8babe9e38,00db6215-55f3-48dd-973e-ae6418c8d547,Pressure Drop,,,,,"{"kind":"flat","type":"APD","unit":"in-wg","value":"0.29","category":null}",0.29,in-wg,,APD
44138950-eac9-47f3-82e4-385d2b64abec,cdae2217-5f7d-4aef-ba1f-c2d8babe9e38,082d3bb4-ce82-4162-9a75-c84469bbe714,Fluid,,,,,"{"kind":"flat","type":"Fluid","unit":null,"value":"WATER","category":"Hot Water Coil"}",WATER,,Hot Water Coil,Fluid
f5d1d8e6-d419-47a3-8028-2bdf56f4e4ac,cdae2217-5f7d-4aef-ba1f-c2d8babe9e38,,,,,a791359d-783e-49ff-9190-1b028e527495,Cubic Feet per Minute,"{"kind":"flat","type":"Heat","unit":"CFM","value":"280","category":"Airflow"}",280,CFM,Airflow,Heat
78706194-4602-4f09-8769-1f6f9ababce2,cdae2217-5f7d-4aef-ba1f-c2d8babe9e38,,,,,a791359d-783e-49ff-9190-1b028e527495,Cubic Feet per Minute,"{"kind":"flat","type":"Design","unit":"CFM","value":"600","category":"Airflow"}",600,CFM,Airflow,Design
82239a02-8c6a-49e9-a1fc-272271a4e09e,cdae2217-5f7d-4aef-ba1f-c2d8babe9e38,,,,,74d20bbe-dc1e-4477-ad2e-b9a7abbcf136,Degrees Fahrenheit,"{"kind":"flat","type":"EAT DB","unit":"°F","value":"55","category":null}",55,°F,,EAT DB
a4bff075-22ec-4209-88a9-14cca16c560d,cdae2217-5f7d-4aef-ba1f-c2d8babe9e38,,,,,74d20bbe-dc1e-4477-ad2e-b9a7abbcf136,Degrees Fahrenheit,"{"kind":"flat","type":"LAT DB","unit":"°F","value":"106","category":null}",106,°F,,LAT DB
b8b1aa44-3fbd-4679-9afd-01ba4c31a737,cdae2217-5f7d-4aef-ba1f-c2d8babe9e38,,,,,b1dbcb0d-fbe5-499b-a2f0-8d4c6ac9d120,Gallons per Minute,"{"kind":"flat","type":"GPM","unit":"GPM","value":"1.5","category":"Hot Water Coil"}",1.5,GPM,Hot Water Coil,GPM
5115e98a-fe2c-4de1-b3fa-1e8403e2d716,cdae2217-5f7d-4aef-ba1f-c2d8babe9e38,,,,,61cfa55b-e031-0bb9-6c24-af10e7af2b4c,Feet of Water Column,"{"kind":"flat","type":"WPD","unit":"ftH2O","value":"0.78","category":"Hot Water Coil"}",0.78,ftH2O,Hot Water Coil,WPD
8693165e-4ae5-4549-b56b-a187b2af3653,cdae2217-5f7d-4aef-ba1f-c2d8babe9e38,,,,,74d20bbe-dc1e-4477-ad2e-b9a7abbcf136,Degrees Fahrenheit,"{"kind":"flat","type":"EWT","unit":"°F","value":"160","category":"Hot Water Coil"}",160,°F,Hot Water Coil,EWT
8463f422-c7c7-43ab-8451-8044dfe5939b,cdae2217-5f7d-4aef-ba1f-c2d8babe9e38,,,,,74d20bbe-dc1e-4477-ad2e-b9a7abbcf136,Degrees Fahrenheit,"{"kind":"flat","type":"LWT","unit":"°F","value":"140","category":"Hot Water Coil"}",140,°F,Hot Water Coil,LWT
7a66517e-8ed7-422d-95ed-ec9e70f2a407,cdae2217-5f7d-4aef-ba1f-c2d8babe9e38,,,,,,,"{"kind":"flat","type":"Rows","unit":null,"value":"2","category":"Hot Water Coil"}",2,,Hot Water Coil,Rows
84f10c5a-61a6-499e-a485-71e814ab1500,cdae2217-5f7d-4aef-ba1f-c2d8babe9e38,,,,,,,"{"kind":"flat","type":"FPI","unit":null,"value":"10","category":"Hot Water Coil"}",10,,Hot Water Coil,FPI
ddade8f0-a5ac-472a-bfb1-2f6f6f02835b,cdae2217-5f7d-4aef-ba1f-c2d8babe9e38,,,,,,,"{"kind":"flat","type":"Control","unit":null,"value":"2-WAY","category":null}",2-WAY,,,Control
c9232a0d-9bc3-4865-9ae1-bc2ee59b1fb0,cdae2217-5f7d-4aef-ba1f-c2d8babe9e38,,,,,,,"{"kind":"flat","type":"CO2 Sensor","unit":null,"value":"Not Provided","category":null}",Not Provided,,,CO2 Sensor
63ad8913-dd22-41f7-9cf3-2c0eddc1d338,cdae2217-5f7d-4aef-ba1f-c2d8babe9e38,,,,,,,"{"kind":"flat","type":"Notes","unit":null,"value":"1,2,3,4,5,6,7","category":null}","1,2,3,4,5,6,7",,,Notes
c14237a1-82e4-4bf2-94cb-9a600e7258bc,74f46f80-37ab-4e61-9ace-da0a4ee8ab21,bc663106-1c5c-4cc9-9f68-3a51eb3d4c5b,Manufacturer,74df1e98-d237-4dac-a7c1-024d504d41ab,Titus,,,"{"kind":"flat","type":"Manufacturer","unit":null,"value":"TITUS","category":null}",TITUS,,,Manufacturer
3a90abd8-c107-4581-882b-8ff00083b61f,74f46f80-37ab-4e61-9ace-da0a4ee8ab21,325c8c53-9f6e-4c60-b9b8-031a198a562a,Inlet Size,,,9b4bcff0-c98a-4b1a-9716-ca97df2009c5,inch,"{"kind":"flat","type":"Inlet Diameter","unit":"in","value":"6","category":"Casing"}",6,in,Casing,Inlet Diameter
8040f921-381f-4ab6-9c8c-b7308cd0620d,74f46f80-37ab-4e61-9ace-da0a4ee8ab21,2d2ae19d-c0d6-41f1-a2c0-2a2b97a70745,Heating Capacity,,,b4146944-e490-4de3-bd2a-da7d7990c7d5,British Thermal Units per Hour,"{"kind":"flat","type":"TH","unit":"Btu/h","value":"9309.3","category":null}",9309.3,Btu/h,,TH
b2cd8004-6b12-4e47-9e57-7e0a4f452e9d,74f46f80-37ab-4e61-9ace-da0a4ee8ab21,00db6215-55f3-48dd-973e-ae6418c8d547,Pressure Drop,,,,,"{"kind":"flat","type":"APD","unit":"in-wg","value":"0.18","category":null}",0.18,in-wg,,APD
735ab178-3abc-4b48-9cdd-1845260ad456,74f46f80-37ab-4e61-9ace-da0a4ee8ab21,082d3bb4-ce82-4162-9a75-c84469bbe714,Fluid,,,,,"{"kind":"flat","type":"Fluid","unit":null,"value":"WATER","category":"Hot Water Coil"}",WATER,,Hot Water Coil,Fluid
ac35bf93-f2ea-4e44-a15c-99505b08743e,74f46f80-37ab-4e61-9ace-da0a4ee8ab21,,,,,,,"{"kind":"flat","type":"RTU","unit":null,"value":"RTU-2","category":null}",RTU-2,,,RTU
4382297d-f13b-4c4a-9a2d-7f020574b3a2,74f46f80-37ab-4e61-9ace-da0a4ee8ab21,,,,,,,"{"kind":"flat","type":"Model","unit":null,"value":"DESV-06","category":null}",DESV-06,,,Model
7ff23ac6-8134-4278-929c-e4e261c6501e,74f46f80-37ab-4e61-9ace-da0a4ee8ab21,,,,,9b4bcff0-c98a-4b1a-9716-ca97df2009c5,inch,"{"kind":"flat","type":"Outlet Width","unit":"in","value":"12","category":"Casing"}",12,in,Casing,Outlet Width
aa6c9ed4-0841-462e-908c-8d582293cc96,74f46f80-37ab-4e61-9ace-da0a4ee8ab21,,,,,9b4bcff0-c98a-4b1a-9716-ca97df2009c5,inch,"{"kind":"flat","type":"Outlet Height","unit":"in","value":"8","category":"Casing"}",8,in,Casing,Outlet Height
2bff46d2-32ef-48b7-9944-d83db84b234b,74f46f80-37ab-4e61-9ace-da0a4ee8ab21,,,,,9b4bcff0-c98a-4b1a-9716-ca97df2009c5,inch,"{"kind":"flat","type":"Box Height","unit":"in","value":"12","category":"Casing"}",12,in,Casing,Box Height
7432f73c-127e-4e9a-9c11-ef84c9b01f2c,74f46f80-37ab-4e61-9ace-da0a4ee8ab21,,,,,a791359d-783e-49ff-9190-1b028e527495,Cubic Feet per Minute,"{"kind":"flat","type":"Min","unit":"CFM","value":"40","category":"Airflow"}",40,CFM,Airflow,Min
86e79bc3-9220-41e2-a819-eb4f8be2ecbf,74f46f80-37ab-4e61-9ace-da0a4ee8ab21,,,,,a791359d-783e-49ff-9190-1b028e527495,Cubic Feet per Minute,"{"kind":"flat","type":"Heat","unit":"CFM","value":"160","category":"Airflow"}",160,CFM,Airflow,Heat
d4c9087b-3fc2-42eb-81cf-8543e26cd61e,74f46f80-37ab-4e61-9ace-da0a4ee8ab21,,,,,a791359d-783e-49ff-9190-1b028e527495,Cubic Feet per Minute,"{"kind":"flat","type":"Design","unit":"CFM","value":"300","category":"Airflow"}",300,CFM,Airflow,Design
72433105-5f94-4111-99fd-de1b973a13e1,74f46f80-37ab-4e61-9ace-da0a4ee8ab21,,,,,74d20bbe-dc1e-4477-ad2e-b9a7abbcf136,Degrees Fahrenheit,"{"kind":"flat","type":"EAT DB","unit":"°F","value":"55","category":null}",55,°F,,EAT DB
afe19f4a-b63d-40d8-8f2a-4e9a87efbe07,74f46f80-37ab-4e61-9ace-da0a4ee8ab21,,,,,74d20bbe-dc1e-4477-ad2e-b9a7abbcf136,Degrees Fahrenheit,"{"kind":"flat","type":"LAT DB","unit":"°F","value":"109","category":null}",109,°F,,LAT DB
c9dac434-81ab-4fde-a84a-d95700977ed4,74f46f80-37ab-4e61-9ace-da0a4ee8ab21,,,,,b1dbcb0d-fbe5-499b-a2f0-8d4c6ac9d120,Gallons per Minute,"{"kind":"flat","type":"GPM","unit":"GPM","value":"1","category":"Hot Water Coil"}",1,GPM,Hot Water Coil,GPM
95628df7-2cb5-4913-a64c-80c39a55a12f,74f46f80-37ab-4e61-9ace-da0a4ee8ab21,,,,,61cfa55b-e031-0bb9-6c24-af10e7af2b4c,Feet of Water Column,"{"kind":"flat","type":"WPD","unit":"ftH2O","value":"0.37","category":"Hot Water Coil"}",0.37,ftH2O,Hot Water Coil,WPD
2159a4bb-d851-4f3c-8f28-37f60e380d04,74f46f80-37ab-4e61-9ace-da0a4ee8ab21,,,,,74d20bbe-dc1e-4477-ad2e-b9a7abbcf136,Degrees Fahrenheit,"{"kind":"flat","type":"EWT","unit":"°F","value":"160","category":"Hot Water Coil"}",160,°F,Hot Water Coil,EWT
691cd5c4-cf66-4633-938b-a8dc03bc8741,74f46f80-37ab-4e61-9ace-da0a4ee8ab21,,,,,74d20bbe-dc1e-4477-ad2e-b9a7abbcf136,Degrees Fahrenheit,"{"kind":"flat","type":"LWT","unit":"°F","value":"141","category":"Hot Water Coil"}",141,°F,Hot Water Coil,LWT
1d9930c2-2084-4aca-b7d8-ee8409aa8afb,74f46f80-37ab-4e61-9ace-da0a4ee8ab21,,,,,,,"{"kind":"flat","type":"Rows","unit":null,"value":"2","category":"Hot Water Coil"}",2,,Hot Water Coil,Rows
a72182e4-7358-4f78-aba4-a660fb90613f,74f46f80-37ab-4e61-9ace-da0a4ee8ab21,,,,,,,"{"kind":"flat","type":"FPI","unit":null,"value":"10","category":"Hot Water Coil"}",10,,Hot Water Coil,FPI
fc98f1b2-ea1f-4793-9c5c-de9080dcdba6,74f46f80-37ab-4e61-9ace-da0a4ee8ab21,,,,,,,"{"kind":"flat","type":"Control","unit":null,"value":"2-WAY","category":null}",2-WAY,,,Control
c507d3c8-0ada-4e90-9410-0fe549446b12,74f46f80-37ab-4e61-9ace-da0a4ee8ab21,,,,,,,"{"kind":"flat","type":"CO2 Sensor","unit":null,"value":"Not Provided","category":null}",Not Provided,,,CO2 Sensor
24feb68b-6f49-4488-aa35-27650f5dc3e4,74f46f80-37ab-4e61-9ace-da0a4ee8ab21,,,,,,,"{"kind":"flat","type":"Notes","unit":null,"value":"1,2,3,4,5,6,7","category":null}","1,2,3,4,5,6,7",,,Notes
3b3b7e85-3def-4474-8165-7e5c816339d3,bb9ed2cf-9ed4-4e93-8eda-91cb69fe1126,bc663106-1c5c-4cc9-9f68-3a51eb3d4c5b,Manufacturer,74df1e98-d237-4dac-a7c1-024d504d41ab,Titus,,,"{"kind":"flat","type":"Manufacturer","unit":null,"value":"TITUS","category":null}",TITUS,,,Manufacturer
322f70f7-0ef8-4814-9b2b-20ec66b51e91,bb9ed2cf-9ed4-4e93-8eda-91cb69fe1126,325c8c53-9f6e-4c60-b9b8-031a198a562a,Inlet Size,,,9b4bcff0-c98a-4b1a-9716-ca97df2009c5,inch,"{"kind":"flat","type":"Inlet Diameter","unit":"in","value":"14","category":"Casing"}",14,in,Casing,Inlet Diameter
264aab56-97ac-4eda-b7fb-3dd88e6ec49d,bb9ed2cf-9ed4-4e93-8eda-91cb69fe1126,2d2ae19d-c0d6-41f1-a2c0-2a2b97a70745,Heating Capacity,,,b4146944-e490-4de3-bd2a-da7d7990c7d5,British Thermal Units per Hour,"{"kind":"flat","type":"TH","unit":"Btu/h","value":"47447.4","category":null}",47447.4,Btu/h,,TH
90686adf-0bf0-4d60-94f5-a2751d64e653,bb9ed2cf-9ed4-4e93-8eda-91cb69fe1126,00db6215-55f3-48dd-973e-ae6418c8d547,Pressure Drop,,,,,"{"kind":"flat","type":"APD","unit":"in-wg","value":"0.33","category":null}",0.33,in-wg,,APD
04ec8386-eed5-4546-ac95-76d1c9beef45,bb9ed2cf-9ed4-4e93-8eda-91cb69fe1126,082d3bb4-ce82-4162-9a75-c84469bbe714,Fluid,,,,,"{"kind":"flat","type":"Fluid","unit":null,"value":"WATER","category":"Hot Water Coil"}",WATER,,Hot Water Coil,Fluid
526f9675-1c7f-48ff-be08-504702147393,bb9ed2cf-9ed4-4e93-8eda-91cb69fe1126,,,,,,,"{"kind":"flat","type":"Model","unit":null,"value":"DESV-14","category":null}",DESV-14,,,Model
5919f80d-dfa2-4f0f-a3b6-2099713106a0,bb9ed2cf-9ed4-4e93-8eda-91cb69fe1126,,,,,,,"{"kind":"flat","type":"RTU","unit":null,"value":"RTU-1","category":null}",RTU-1,,,RTU
980f9085-7fc4-4dc1-b8cb-748f85b3c92a,bb9ed2cf-9ed4-4e93-8eda-91cb69fe1126,,,,,9b4bcff0-c98a-4b1a-9716-ca97df2009c5,inch,"{"kind":"flat","type":"Outlet Width","unit":"in","value":"20","category":"Casing"}",20,in,Casing,Outlet Width
36b8c4eb-47f1-472c-9b6b-743ff41bb33f,bb9ed2cf-9ed4-4e93-8eda-91cb69fe1126,,,,,9b4bcff0-c98a-4b1a-9716-ca97df2009c5,inch,"{"kind":"flat","type":"Outlet Height","unit":"in","value":"18","category":"Casing"}",18,in,Casing,Outlet Height
b1cf7dc0-bd50-4957-86cb-b307f5acdd38,bb9ed2cf-9ed4-4e93-8eda-91cb69fe1126,,,,,9b4bcff0-c98a-4b1a-9716-ca97df2009c5,inch,"{"kind":"flat","type":"Box Height","unit":"in","value":"18","category":"Casing"}",18,in,Casing,Box Height
ab92c566-a91e-4070-856c-d4b1b87ddaf2,bb9ed2cf-9ed4-4e93-8eda-91cb69fe1126,,,,,a791359d-783e-49ff-9190-1b028e527495,Cubic Feet per Minute,"{"kind":"flat","type":"Min","unit":"CFM","value":"220","category":"Airflow"}",220,CFM,Airflow,Min
258f9a47-e390-44da-8d47-dec2927aa841,bb9ed2cf-9ed4-4e93-8eda-91cb69fe1126,,,,,a791359d-783e-49ff-9190-1b028e527495,Cubic Feet per Minute,"{"kind":"flat","type":"Heat","unit":"CFM","value":"880","category":"Airflow"}",880,CFM,Airflow,Heat
19a5c64b-2b2a-4795-a572-7843e3977e87,bb9ed2cf-9ed4-4e93-8eda-91cb69fe1126,,,,,a791359d-783e-49ff-9190-1b028e527495,Cubic Feet per Minute,"{"kind":"flat","type":"Design","unit":"CFM","value":"1400","category":"Airflow"}",1400,CFM,Airflow,Design
75d22f34-537c-48d6-a0db-a8ec7fe43eb1,bb9ed2cf-9ed4-4e93-8eda-91cb69fe1126,,,,,74d20bbe-dc1e-4477-ad2e-b9a7abbcf136,Degrees Fahrenheit,"{"kind":"flat","type":"EAT DB","unit":"°F","value":"55","category":null}",55,°F,,EAT DB
8bd309b3-3f55-47e0-a50a-3e4aaa6511c8,bb9ed2cf-9ed4-4e93-8eda-91cb69fe1126,,,,,74d20bbe-dc1e-4477-ad2e-b9a7abbcf136,Degrees Fahrenheit,"{"kind":"flat","type":"LAT DB","unit":"°F","value":"105","category":null}",105,°F,,LAT DB
05552767-4bcf-48a3-916d-8563334ae688,bb9ed2cf-9ed4-4e93-8eda-91cb69fe1126,,,,,b1dbcb0d-fbe5-499b-a2f0-8d4c6ac9d120,Gallons per Minute,"{"kind":"flat","type":"GPM","unit":"GPM","value":"4","category":"Hot Water Coil"}",4,GPM,Hot Water Coil,GPM
e0fc52c5-17ce-461c-868b-d58892230947,bb9ed2cf-9ed4-4e93-8eda-91cb69fe1126,,,,,61cfa55b-e031-0bb9-6c24-af10e7af2b4c,Feet of Water Column,"{"kind":"flat","type":"WPD","unit":"ftH2O","value":"1.57","category":"Hot Water Coil"}",1.57,ftH2O,Hot Water Coil,WPD
ada9300d-caac-4f2b-a20d-fd5cbf7b96b0,bb9ed2cf-9ed4-4e93-8eda-91cb69fe1126,,,,,74d20bbe-dc1e-4477-ad2e-b9a7abbcf136,Degrees Fahrenheit,"{"kind":"flat","type":"EWT","unit":"°F","value":"160","category":"Hot Water Coil"}",160,°F,Hot Water Coil,EWT
f4b48f73-bfa8-4676-b410-138bee0ebf53,bb9ed2cf-9ed4-4e93-8eda-91cb69fe1126,,,,,74d20bbe-dc1e-4477-ad2e-b9a7abbcf136,Degrees Fahrenheit,"{"kind":"flat","type":"LWT","unit":"°F","value":"136","category":"Hot Water Coil"}",136,°F,Hot Water Coil,LWT
42c856c4-bd49-4f8e-8cbe-09abe28e85bd,bb9ed2cf-9ed4-4e93-8eda-91cb69fe1126,,,,,,,"{"kind":"flat","type":"Rows","unit":null,"value":"2","category":"Hot Water Coil"}",2,,Hot Water Coil,Rows
c41bbb10-cc10-4236-a09e-a31d443de7cb,bb9ed2cf-9ed4-4e93-8eda-91cb69fe1126,,,,,,,"{"kind":"flat","type":"FPI","unit":null,"value":"10","category":"Hot Water Coil"}",10,,Hot Water Coil,FPI
f6d16937-1509-466f-9c98-5eceecd1d91e,bb9ed2cf-9ed4-4e93-8eda-91cb69fe1126,,,,,,,"{"kind":"flat","type":"Control","unit":null,"value":"2-WAY","category":null}",2-WAY,,,Control
ac8922ea-01be-45c1-b4c9-a838d2df1d92,bb9ed2cf-9ed4-4e93-8eda-91cb69fe1126,,,,,,,"{"kind":"flat","type":"CO2 Sensor","unit":null,"value":"Provided","category":null}",Provided,,,CO2 Sensor
1b360685-6c98-423d-80bc-0a86a10891eb,bb9ed2cf-9ed4-4e93-8eda-91cb69fe1126,,,,,,,"{"kind":"flat","type":"Notes","unit":null,"value":"1,2,3,4,5,6,7","category":null}","1,2,3,4,5,6,7",,,Notes
669670dc-9bf4-493b-96e3-c8a033ab6b62,8a77cb5f-bc39-4988-b1af-cac0b625ae9d,bc663106-1c5c-4cc9-9f68-3a51eb3d4c5b,Manufacturer,74df1e98-d237-4dac-a7c1-024d504d41ab,Titus,,,"{"kind":"flat","type":"Manufacturer","unit":null,"value":"TITUS","category":null}",TITUS,,,Manufacturer
aaca3cc0-388b-4b62-ab00-59187781931a,8a77cb5f-bc39-4988-b1af-cac0b625ae9d,0abe4897-fbfb-4cfd-a07d-daee4869372d,Inlet Diameter,,,9b4bcff0-c98a-4b1a-9716-ca97df2009c5,inch,"{"kind":"flat","type":"Inlet Diameter","unit":"in","value":"6","category":"Casing"}",6,in,Casing,Inlet Diameter
88ddc78f-f464-490b-ac97-3d8a433faae7,8a77cb5f-bc39-4988-b1af-cac0b625ae9d,082d3bb4-ce82-4162-9a75-c84469bbe714,Fluid,,,,,"{"kind":"flat","type":"Fluid","unit":null,"value":"WATER","category":"Hot Water Coil"}",WATER,,Hot Water Coil,Fluid
74e2d40c-e603-46e6-b9a2-918a669868dd,8a77cb5f-bc39-4988-b1af-cac0b625ae9d,,,,,,,"{"kind":"flat","type":"RTU","unit":null,"value":"RTU-2","category":null}",RTU-2,,,RTU
61a3334b-6bab-4a5d-815e-e922e25b0dae,8a77cb5f-bc39-4988-b1af-cac0b625ae9d,,,,,,,"{"kind":"flat","type":"Model","unit":null,"value":"DESV-06","category":null}",DESV-06,,,Model
1dc4b45f-16cf-4170-adb3-943f06b1c887,8a77cb5f-bc39-4988-b1af-cac0b625ae9d,,,,,9b4bcff0-c98a-4b1a-9716-ca97df2009c5,inch,"{"kind":"flat","type":"Outlet Width","unit":"in","value":"12","category":"Casing"}",12,in,Casing,Outlet Width
ac065576-f42d-4ce2-b252-c2f90decb4e7,8a77cb5f-bc39-4988-b1af-cac0b625ae9d,,,,,9b4bcff0-c98a-4b1a-9716-ca97df2009c5,inch,"{"kind":"flat","type":"Outlet Height","unit":"in","value":"8","category":"Casing"}",8,in,Casing,Outlet Height
cc1636d7-afd9-4fce-8fec-16d24b56e33b,8a77cb5f-bc39-4988-b1af-cac0b625ae9d,,,,,9b4bcff0-c98a-4b1a-9716-ca97df2009c5,inch,"{"kind":"flat","type":"Box Height","unit":"in","value":"12","category":"Casing"}",12,in,Casing,Box Height
3d27ab27-ec65-4610-9ef9-f2f7f9117e9b,8a77cb5f-bc39-4988-b1af-cac0b625ae9d,,,,,a791359d-783e-49ff-9190-1b028e527495,Cubic Feet per Minute,"{"kind":"flat","type":"Min","unit":"CFM","value":"40","category":"Airflow"}",40,CFM,Airflow,Min
838ee033-caf0-4fb2-bff3-0314a0280bdc,8a77cb5f-bc39-4988-b1af-cac0b625ae9d,,,,,a791359d-783e-49ff-9190-1b028e527495,Cubic Feet per Minute,"{"kind":"flat","type":"Heat","unit":"CFM","value":"160","category":"Airflow"}",160,CFM,Airflow,Heat
164a0d96-6e03-4b92-8bbc-e8e4de07deb2,8a77cb5f-bc39-4988-b1af-cac0b625ae9d,,,,,a791359d-783e-49ff-9190-1b028e527495,Cubic Feet per Minute,"{"kind":"flat","type":"Design","unit":"CFM","value":"350","category":"Airflow"}",350,CFM,Airflow,Design
278c58bc-b073-4e4b-b23a-7bcea193b5d6,8a77cb5f-bc39-4988-b1af-cac0b625ae9d,,,,,b4146944-e490-4de3-bd2a-da7d7990c7d5,British Thermal Units per Hour,"{"kind":"flat","type":"TH","unit":"Btu/h","value":"9309.3","category":null}",9309.3,Btu/h,,TH
5557bc6f-c8e4-4a95-b9b3-1e79c1c97939,8a77cb5f-bc39-4988-b1af-cac0b625ae9d,,,,,74d20bbe-dc1e-4477-ad2e-b9a7abbcf136,Degrees Fahrenheit,"{"kind":"flat","type":"EAT DB","unit":"°F","value":"55","category":null}",55,°F,,EAT DB
bf7db844-62d0-44f5-9a73-cc3e1188892a,8a77cb5f-bc39-4988-b1af-cac0b625ae9d,,,,,74d20bbe-dc1e-4477-ad2e-b9a7abbcf136,Degrees Fahrenheit,"{"kind":"flat","type":"LAT DB","unit":"°F","value":"109","category":null}",109,°F,,LAT DB
5d2be7db-1139-459d-92c5-359e83aad38e,8a77cb5f-bc39-4988-b1af-cac0b625ae9d,,,,,,,"{"kind":"flat","type":"APD","unit":"in-wg","value":"0.18","category":null}",0.18,in-wg,,APD
4980abcf-284f-4ad2-aacf-60a79d33906b,8a77cb5f-bc39-4988-b1af-cac0b625ae9d,,,,,b1dbcb0d-fbe5-499b-a2f0-8d4c6ac9d120,Gallons per Minute,"{"kind":"flat","type":"GPM","unit":"GPM","value":"1","category":"Hot Water Coil"}",1,GPM,Hot Water Coil,GPM
c2e9697d-a659-42e1-a0c0-2698cee79bb6,8a77cb5f-bc39-4988-b1af-cac0b625ae9d,,,,,61cfa55b-e031-0bb9-6c24-af10e7af2b4c,Feet of Water Column,"{"kind":"flat","type":"WPD","unit":"ftH2O","value":"0.37","category":"Hot Water Coil"}",0.37,ftH2O,Hot Water Coil,WPD
36a5448f-db4b-49e7-9ecf-9d092d138597,8a77cb5f-bc39-4988-b1af-cac0b625ae9d,,,,,74d20bbe-dc1e-4477-ad2e-b9a7abbcf136,Degrees Fahrenheit,"{"kind":"flat","type":"EWT","unit":"°F","value":"160","category":"Hot Water Coil"}",160,°F,Hot Water Coil,EWT
27be85a2-c15c-4bdb-a4ab-61a5fe998d98,8a77cb5f-bc39-4988-b1af-cac0b625ae9d,,,,,74d20bbe-dc1e-4477-ad2e-b9a7abbcf136,Degrees Fahrenheit,"{"kind":"flat","type":"LWT","unit":"°F","value":"141","category":"Hot Water Coil"}",141,°F,Hot Water Coil,LWT
c6e65793-935e-40a6-9081-4df83b8481b2,8a77cb5f-bc39-4988-b1af-cac0b625ae9d,,,,,,,"{"kind":"flat","type":"Rows","unit":null,"value":"2","category":"Hot Water Coil"}",2,,Hot Water Coil,Rows
8366d9a6-cb1c-438a-8adb-53e6fd2877a8,8a77cb5f-bc39-4988-b1af-cac0b625ae9d,,,,,,,"{"kind":"flat","type":"FPI","unit":null,"value":"10","category":"Hot Water Coil"}",10,,Hot Water Coil,FPI
ad77da0c-2234-409f-bd8c-2468855e394d,8a77cb5f-bc39-4988-b1af-cac0b625ae9d,,,,,,,"{"kind":"flat","type":"Control","unit":null,"value":"2-WAY","category":null}",2-WAY,,,Control
25c27ee0-ccd0-4bbd-8eb6-4ece01fdc0ee,8a77cb5f-bc39-4988-b1af-cac0b625ae9d,,,,,,,"{"kind":"flat","type":"CO2 Sensor","unit":null,"value":"Not Provided","category":null}",Not Provided,,,CO2 Sensor
30911221-812e-4ca8-b344-4d907342992b,8a77cb5f-bc39-4988-b1af-cac0b625ae9d,,,,,,,"{"kind":"flat","type":"Notes","unit":null,"value":"1,2,3,4,5,6,7","category":null}","1,2,3,4,5,6,7",,,Notes
714495a9-c40d-4c4b-ad3f-d3342b6eff19,6d27ec2d-a8fa-407d-91fb-c8cc8eb24bfd,,,,,,,"{"kind":"flat","type":"RTU","unit":null,"value":"RTU-1","category":null}",RTU-1,,,RTU
25ef341a-1b45-4ee1-8c43-2d744f58e9bc,6d27ec2d-a8fa-407d-91fb-c8cc8eb24bfd,bc663106-1c5c-4cc9-9f68-3a51eb3d4c5b,Manufacturer,74df1e98-d237-4dac-a7c1-024d504d41ab,Titus,,,"{"kind":"flat","type":"Manufacturer","unit":null,"value":"TITUS","category":null}",TITUS,,,Manufacturer
be9c1376-6e97-45f8-8f2a-7b2fe687572c,6d27ec2d-a8fa-407d-91fb-c8cc8eb24bfd,,,,,,,"{"kind":"flat","type":"Model","unit":null,"value":"DESV-05","category":null}",DESV-05,,,Model
97dc6c50-202f-44db-a8a6-6b69b891395c,6d27ec2d-a8fa-407d-91fb-c8cc8eb24bfd,325c8c53-9f6e-4c60-b9b8-031a198a562a,Inlet Size,,,9b4bcff0-c98a-4b1a-9716-ca97df2009c5,inch,"{"kind":"flat","type":"Inlet Diameter","unit":"in","value":"5","category":"Casing"}",5,in,Casing,Inlet Diameter
29b41b2e-e0e7-41e8-ae30-b4e9e8f2c9d8,6d27ec2d-a8fa-407d-91fb-c8cc8eb24bfd,,,,,9b4bcff0-c98a-4b1a-9716-ca97df2009c5,inch,"{"kind":"flat","type":"Outlet Width","unit":"in","value":"12","category":"Casing"}",12,in,Casing,Outlet Width
9a728900-1215-42c6-9085-f4d5367faac7,6d27ec2d-a8fa-407d-91fb-c8cc8eb24bfd,,,,,9b4bcff0-c98a-4b1a-9716-ca97df2009c5,inch,"{"kind":"flat","type":"Outlet Height","unit":"in","value":"8","category":"Casing"}",8,in,Casing,Outlet Height
1cf4a713-ceb4-482f-aa26-5d3a3e2c9b7b,6d27ec2d-a8fa-407d-91fb-c8cc8eb24bfd,,,,,9b4bcff0-c98a-4b1a-9716-ca97df2009c5,inch,"{"kind":"flat","type":"Box Height","unit":"in","value":"12","category":"Casing"}",12,in,Casing,Box Height
20c5b7d2-7944-4438-aa25-cb263d9ce6a8,6d27ec2d-a8fa-407d-91fb-c8cc8eb24bfd,,,,,a791359d-783e-49ff-9190-1b028e527495,Cubic Feet per Minute,"{"kind":"flat","type":"Min","unit":"CFM","value":"30","category":"Airflow"}",30,CFM,Airflow,Min
5c703f50-463d-4bcc-81bb-545337f04305,6d27ec2d-a8fa-407d-91fb-c8cc8eb24bfd,,,,,a791359d-783e-49ff-9190-1b028e527495,Cubic Feet per Minute,"{"kind":"flat","type":"Heat","unit":"CFM","value":"120","category":"Airflow"}",120,CFM,Airflow,Heat
65c3485b-0ef5-4bb1-bc99-03f0d2c3e4b7,6d27ec2d-a8fa-407d-91fb-c8cc8eb24bfd,,,,,a791359d-783e-49ff-9190-1b028e527495,Cubic Feet per Minute,"{"kind":"flat","type":"Design","unit":"CFM","value":"150","category":"Airflow"}",150,CFM,Airflow,Design
7b9510dd-9d05-4b9d-ae9c-49794552d331,6d27ec2d-a8fa-407d-91fb-c8cc8eb24bfd,2d2ae19d-c0d6-41f1-a2c0-2a2b97a70745,Heating Capacity,,,b4146944-e490-4de3-bd2a-da7d7990c7d5,British Thermal Units per Hour,"{"kind":"flat","type":"TH","unit":"Btu/h","value":"7847.8","category":null}",7847.8,Btu/h,,TH
0f264432-31f5-4bd1-bc55-7770f6ee2214,6d27ec2d-a8fa-407d-91fb-c8cc8eb24bfd,,,,,74d20bbe-dc1e-4477-ad2e-b9a7abbcf136,Degrees Fahrenheit,"{"kind":"flat","type":"EAT DB","unit":"°F","value":"55","category":null}",55,°F,,EAT DB
22ff21ff-5bbf-41c0-9eb0-e88ea824e4df,6d27ec2d-a8fa-407d-91fb-c8cc8eb24bfd,,,,,74d20bbe-dc1e-4477-ad2e-b9a7abbcf136,Degrees Fahrenheit,"{"kind":"flat","type":"LAT DB","unit":"°F","value":"115","category":null}",115,°F,,LAT DB
380de377-a7bb-44e0-b8ba-f467bedf7fd0,6d27ec2d-a8fa-407d-91fb-c8cc8eb24bfd,00db6215-55f3-48dd-973e-ae6418c8d547,Pressure Drop,,,,,"{"kind":"flat","type":"APD","unit":"in-wg","value":"0.11","category":null}",0.11,in-wg,,APD
70fbf71b-488d-4105-83a2-1e27caade48e,6d27ec2d-a8fa-407d-91fb-c8cc8eb24bfd,,,,,b1dbcb0d-fbe5-499b-a2f0-8d4c6ac9d120,Gallons per Minute,"{"kind":"flat","type":"GPM","unit":"GPM","value":"0.8","category":"Hot Water Coil"}",0.8,GPM,Hot Water Coil,GPM
8acfeddc-a9c7-4829-b70e-77cf573e053e,6d27ec2d-a8fa-407d-91fb-c8cc8eb24bfd,00db6215-55f3-48dd-973e-ae6418c8d547,Pressure Drop,,,61cfa55b-e031-0bb9-6c24-af10e7af2b4c,Feet of Water Column,"{"kind":"flat","type":"WPD","unit":"ftH2O","value":"0.25","category":"Hot Water Coil"}",0.25,ftH2O,Hot Water Coil,WPD
9aaee000-de32-4108-9eb1-c05181cd90ff,6d27ec2d-a8fa-407d-91fb-c8cc8eb24bfd,,,,,74d20bbe-dc1e-4477-ad2e-b9a7abbcf136,Degrees Fahrenheit,"{"kind":"flat","type":"EWT","unit":"°F","value":"160","category":"Hot Water Coil"}",160,°F,Hot Water Coil,EWT
2a3c33be-3381-4cc7-912e-6abba5756564,6d27ec2d-a8fa-407d-91fb-c8cc8eb24bfd,,,,,74d20bbe-dc1e-4477-ad2e-b9a7abbcf136,Degrees Fahrenheit,"{"kind":"flat","type":"LWT","unit":"°F","value":"140","category":"Hot Water Coil"}",140,°F,Hot Water Coil,LWT
2bea51f2-bf64-4269-bdf6-ed20f315bd04,6d27ec2d-a8fa-407d-91fb-c8cc8eb24bfd,082d3bb4-ce82-4162-9a75-c84469bbe714,Fluid,,,,,"{"kind":"flat","type":"Fluid","unit":null,"value":"WATER","category":"Hot Water Coil"}",WATER,,Hot Water Coil,Fluid
a3e86004-f760-4131-afa5-6264828b47e0,6d27ec2d-a8fa-407d-91fb-c8cc8eb24bfd,,,,,,,"{"kind":"flat","type":"Rows","unit":null,"value":"2","category":"Hot Water Coil"}",2,,Hot Water Coil,Rows
c78db52e-44b8-45bb-a4a0-f086f97927d6,6d27ec2d-a8fa-407d-91fb-c8cc8eb24bfd,,,,,,,"{"kind":"flat","type":"FPI","unit":null,"value":"10","category":"Hot Water Coil"}",10,,Hot Water Coil,FPI
065146b7-0e00-4e8f-a9e2-dcecd5605214,6d27ec2d-a8fa-407d-91fb-c8cc8eb24bfd,c35a461c-234d-4cb2-b6e9-7f6c17834dae,Control Signal Type,,,,,"{"kind":"flat","type":"Control","unit":null,"value":"2-WAY","category":null}",2-WAY,,,Control
a68979ae-04a7-469b-91c2-514d2100deeb,6d27ec2d-a8fa-407d-91fb-c8cc8eb24bfd,,,,,,,"{"kind":"flat","type":"CO2 Sensor","unit":null,"value":"Not Provided","category":null}",Not Provided,,,CO2 Sensor
c7a4cb5a-2902-4afb-ab43-f65d9ab75e92,6d27ec2d-a8fa-407d-91fb-c8cc8eb24bfd,,,,,,,"{"kind":"flat","type":"Notes","unit":null,"value":"1,2,3,4,5,6,7","category":null}","1,2,3,4,5,6,7",,,Notes
c2ca9519-5478-441c-8c8f-c2f2f667de46,62b7452a-007a-40bd-927c-d38d5e11f951,,,,,,,"{"kind":"flat","type":"RTU","unit":null,"value":"RTU-1","category":null}",RTU-1,,,RTU
e5082c9d-0c77-4f7a-978e-909f5f61845e,62b7452a-007a-40bd-927c-d38d5e11f951,bc663106-1c5c-4cc9-9f68-3a51eb3d4c5b,Manufacturer,74df1e98-d237-4dac-a7c1-024d504d41ab,Titus,,,"{"kind":"flat","type":"Manufacturer","unit":null,"value":"TITUS","category":null}",TITUS,,,Manufacturer
eb3ee4ca-a573-457a-ac3a-32219da9a80b,62b7452a-007a-40bd-927c-d38d5e11f951,,,,,,,"{"kind":"flat","type":"Model","unit":null,"value":"DESV-14","category":null}",DESV-14,,,Model
2d14d5d4-e669-4bfd-8cfe-411b13dd68b6,62b7452a-007a-40bd-927c-d38d5e11f951,325c8c53-9f6e-4c60-b9b8-031a198a562a,Inlet Size,,,9b4bcff0-c98a-4b1a-9716-ca97df2009c5,inch,"{"kind":"flat","type":"Inlet Diameter","unit":"in","value":"14","category":"Casing"}",14,in,Casing,Inlet Diameter
469e9350-0d93-4572-abdc-bdb491f7aaf6,62b7452a-007a-40bd-927c-d38d5e11f951,,,,,9b4bcff0-c98a-4b1a-9716-ca97df2009c5,inch,"{"kind":"flat","type":"Outlet Width","unit":"in","value":"20","category":"Casing"}",20,in,Casing,Outlet Width
1fb07f96-25b1-4bd8-9edb-55f4116d48ff,62b7452a-007a-40bd-927c-d38d5e11f951,,,,,9b4bcff0-c98a-4b1a-9716-ca97df2009c5,inch,"{"kind":"flat","type":"Outlet Height","unit":"in","value":"18","category":"Casing"}",18,in,Casing,Outlet Height
c16c8a04-4a83-4644-9384-3b64f9d7d530,62b7452a-007a-40bd-927c-d38d5e11f951,,,,,9b4bcff0-c98a-4b1a-9716-ca97df2009c5,inch,"{"kind":"flat","type":"Box Height","unit":"in","value":"18","category":"Casing"}",18,in,Casing,Box Height
f2da49e9-cd4e-4272-b8df-93f0c506e436,62b7452a-007a-40bd-927c-d38d5e11f951,,,,,a791359d-783e-49ff-9190-1b028e527495,Cubic Feet per Minute,"{"kind":"flat","type":"Min","unit":"CFM","value":"220","category":"Airflow"}",220,CFM,Airflow,Min
9453479a-0d78-4e07-887f-e138902f74de,62b7452a-007a-40bd-927c-d38d5e11f951,,,,,a791359d-783e-49ff-9190-1b028e527495,Cubic Feet per Minute,"{"kind":"flat","type":"Heat","unit":"CFM","value":"880","category":"Airflow"}",880,CFM,Airflow,Heat
ac5dde1c-ff00-4c88-8ec8-6b9b9cca6c0e,62b7452a-007a-40bd-927c-d38d5e11f951,ab685915-020e-4475-9f80-8a2915e81d5c,Air Flow,,,a791359d-783e-49ff-9190-1b028e527495,Cubic Feet per Minute,"{"kind":"flat","type":"Design","unit":"CFM","value":"1400","category":"Airflow"}",1400,CFM,Airflow,Design
933da123-44b2-4995-b6c3-1bcd75d304e9,62b7452a-007a-40bd-927c-d38d5e11f951,2d2ae19d-c0d6-41f1-a2c0-2a2b97a70745,Heating Capacity,,,b4146944-e490-4de3-bd2a-da7d7990c7d5,British Thermal Units per Hour,"{"kind":"flat","type":"TH","unit":"Btu/h","value":"47447.4","category":null}",47447.4,Btu/h,,TH
ee420cb9-7aa5-460a-86ac-f33aca315b6a,62b7452a-007a-40bd-927c-d38d5e11f951,,,,,74d20bbe-dc1e-4477-ad2e-b9a7abbcf136,Degrees Fahrenheit,"{"kind":"flat","type":"EAT DB","unit":"°F","value":"55","category":null}",55,°F,,EAT DB
ceaefc62-0a7d-4ec1-b81f-2a63c0f49463,62b7452a-007a-40bd-927c-d38d5e11f951,,,,,74d20bbe-dc1e-4477-ad2e-b9a7abbcf136,Degrees Fahrenheit,"{"kind":"flat","type":"LAT DB","unit":"°F","value":"105","category":null}",105,°F,,LAT DB
345aeb5f-8337-4e11-a1ec-2fe3a5087f7d,62b7452a-007a-40bd-927c-d38d5e11f951,00db6215-55f3-48dd-973e-ae6418c8d547,Pressure Drop,,,,,"{"kind":"flat","type":"APD","unit":"in-wg","value":"0.33","category":null}",0.33,in-wg,,APD
b33b829b-8bcf-4ad5-9deb-0ffe7a2fcf79,62b7452a-007a-40bd-927c-d38d5e11f951,,,,,b1dbcb0d-fbe5-499b-a2f0-8d4c6ac9d120,Gallons per Minute,"{"kind":"flat","type":"GPM","unit":"GPM","value":"4","category":"Hot Water Coil"}",4,GPM,Hot Water Coil,GPM
e54e8f14-8b74-4319-aa68-6e7fb4ac23c1,62b7452a-007a-40bd-927c-d38d5e11f951,,,,,61cfa55b-e031-0bb9-6c24-af10e7af2b4c,Feet of Water Column,"{"kind":"flat","type":"WPD","unit":"ftH2O","value":"1.57","category":"Hot Water Coil"}",1.57,ftH2O,Hot Water Coil,WPD
b98520c9-1529-43f6-8e81-409777e8b90c,62b7452a-007a-40bd-927c-d38d5e11f951,,,,,74d20bbe-dc1e-4477-ad2e-b9a7abbcf136,Degrees Fahrenheit,"{"kind":"flat","type":"EWT","unit":"°F","value":"160","category":"Hot Water Coil"}",160,°F,Hot Water Coil,EWT
56356af2-21af-4bf8-a1ef-8056e1ff37cd,62b7452a-007a-40bd-927c-d38d5e11f951,,,,,74d20bbe-dc1e-4477-ad2e-b9a7abbcf136,Degrees Fahrenheit,"{"kind":"flat","type":"LWT","unit":"°F","value":"136","category":"Hot Water Coil"}",136,°F,Hot Water Coil,LWT
bf0cc3af-9c63-41ce-bae5-8c099ceaf7af,62b7452a-007a-40bd-927c-d38d5e11f951,082d3bb4-ce82-4162-9a75-c84469bbe714,Fluid,,,,,"{"kind":"flat","type":"Fluid","unit":null,"value":"WATER","category":"Hot Water Coil"}",WATER,,Hot Water Coil,Fluid
04e9264d-21e7-4d77-9f0b-c413518dd730,62b7452a-007a-40bd-927c-d38d5e11f951,eec607aa-5539-4423-90cf-d0a1e6b7910a,Reheat Coil Type,d1edc852-e089-4d4e-b751-9f2ec641a679,Hydronic - 2 Row,,,"{"kind":"flat","type":"Rows","unit":null,"value":"2","category":"Hot Water Coil"}",2,,Hot Water Coil,Rows
6330b4ab-5bda-4cae-be9b-742aaa17513b,62b7452a-007a-40bd-927c-d38d5e11f951,,,,,,,"{"kind":"flat","type":"FPI","unit":null,"value":"10","category":"Hot Water Coil"}",10,,Hot Water Coil,FPI
edf4ffe2-241e-41fd-bc1b-c144b3c5e8bf,62b7452a-007a-40bd-927c-d38d5e11f951,29a6d06e-c05a-4c84-9e54-70505f109a0c,Control Valve Type,,,,,"{"kind":"flat","type":"Control","unit":null,"value":"2-WAY","category":null}",2-WAY,,,Control
9b639060-50c3-4ad0-83ae-42647c39e175,62b7452a-007a-40bd-927c-d38d5e11f951,,,,,,,"{"kind":"flat","type":"CO2 Sensor","unit":null,"value":"Provided","category":null}",Provided,,,CO2 Sensor
a02638fe-ee2b-48cb-b01c-4f79e1ead75a,62b7452a-007a-40bd-927c-d38d5e11f951,,,,,,,"{"kind":"flat","type":"Notes","unit":null,"value":"1,2,3,4,5,6,7","category":null}","1,2,3,4,5,6,7",,,Notes
ee9ad14e-85bb-44f9-ac05-99c734d939cd,645c4f8b-a55f-4ca2-9751-0a8625dccd00,bc663106-1c5c-4cc9-9f68-3a51eb3d4c5b,Manufacturer,74df1e98-d237-4dac-a7c1-024d504d41ab,Titus,,,"{"kind":"flat","type":"Manufacturer","unit":null,"value":"TITUS","category":null}",TITUS,,,Manufacturer
1f660da5-8298-4891-b39d-c4e9be708170,645c4f8b-a55f-4ca2-9751-0a8625dccd00,325c8c53-9f6e-4c60-b9b8-031a198a562a,Inlet Size,,,9b4bcff0-c98a-4b1a-9716-ca97df2009c5,inch,"{"kind":"flat","type":"Inlet Diameter","unit":"in","value":"12","category":"Casing"}",12,in,Casing,Inlet Diameter
2a1af8fa-145b-4547-8f49-5a5073d76e3c,645c4f8b-a55f-4ca2-9751-0a8625dccd00,ab685915-020e-4475-9f80-8a2915e81d5c,Air Flow,,,a791359d-783e-49ff-9190-1b028e527495,Cubic Feet per Minute,"{"kind":"flat","type":"Design","unit":"CFM","value":"1025","category":"Airflow"}",1025,CFM,Airflow,Design
dc2dc8b8-ac1f-44df-b85e-28b25c24ce63,645c4f8b-a55f-4ca2-9751-0a8625dccd00,2d2ae19d-c0d6-41f1-a2c0-2a2b97a70745,Heating Capacity,,,b4146944-e490-4de3-bd2a-da7d7990c7d5,British Thermal Units per Hour,"{"kind":"flat","type":"TH","unit":"Btu/h","value":"35910.9","category":null}",35910.9,Btu/h,,TH
1dca833e-bc7c-4d36-8754-edb618bd87fb,645c4f8b-a55f-4ca2-9751-0a8625dccd00,00db6215-55f3-48dd-973e-ae6418c8d547,Pressure Drop,,,,,"{"kind":"flat","type":"APD","unit":"in-wg","value":"0.40","category":null}",0.40,in-wg,,APD
c20c1662-2663-449e-b30d-6c09ee543ad0,645c4f8b-a55f-4ca2-9751-0a8625dccd00,082d3bb4-ce82-4162-9a75-c84469bbe714,Fluid,,,,,"{"kind":"flat","type":"Fluid","unit":null,"value":"WATER","category":"Hot Water Coil"}",WATER,,Hot Water Coil,Fluid
431b27e9-db5f-4386-b202-118a9d9ef6ee,645c4f8b-a55f-4ca2-9751-0a8625dccd00,eec607aa-5539-4423-90cf-d0a1e6b7910a,Reheat Coil Type,d1edc852-e089-4d4e-b751-9f2ec641a679,Hydronic - 2 Row,,,"{"kind":"flat","type":"Rows","unit":null,"value":"2","category":"Hot Water Coil"}",2,,Hot Water Coil,Rows
d7547e47-30f3-4bac-adfa-08f4182bdd52,645c4f8b-a55f-4ca2-9751-0a8625dccd00,29a6d06e-c05a-4c84-9e54-70505f109a0c,Control Valve Type,617aa605-5425-4833-81dd-b2f775193085,Two-Way Modulating,,,"{"kind":"flat","type":"Control","unit":null,"value":"2-WAY","category":null}",2-WAY,,,Control
da5453aa-62ec-4c0e-8bcc-fedbb2270d39,645c4f8b-a55f-4ca2-9751-0a8625dccd00,,,,,,,"{"kind":"flat","type":"RTU","unit":null,"value":"RTU-1","category":null}",RTU-1,,,RTU
b4c63409-4ecd-4dc6-9610-ce01ae4e878e,645c4f8b-a55f-4ca2-9751-0a8625dccd00,,,,,,,"{"kind":"flat","type":"Model","unit":null,"value":"DESV-12","category":null}",DESV-12,,,Model
92ff5079-917e-4845-b2f7-6346369f95ed,645c4f8b-a55f-4ca2-9751-0a8625dccd00,,,,,9b4bcff0-c98a-4b1a-9716-ca97df2009c5,inch,"{"kind":"flat","type":"Outlet Width","unit":"in","value":"16","category":"Casing"}",16,in,Casing,Outlet Width
96ac7065-7d66-4310-8b1c-40f66fc181b6,645c4f8b-a55f-4ca2-9751-0a8625dccd00,,,,,9b4bcff0-c98a-4b1a-9716-ca97df2009c5,inch,"{"kind":"flat","type":"Outlet Height","unit":"in","value":"15","category":"Casing"}",15,in,Casing,Outlet Height
c1e5dd0e-dab2-4a32-9dcc-363b3e78e4a1,645c4f8b-a55f-4ca2-9751-0a8625dccd00,,,,,9b4bcff0-c98a-4b1a-9716-ca97df2009c5,inch,"{"kind":"flat","type":"Box Height","unit":"in","value":"15","category":"Casing"}",15,in,Casing,Box Height
7766d717-623f-419b-bf7e-82ec337a1678,645c4f8b-a55f-4ca2-9751-0a8625dccd00,,,,,a791359d-783e-49ff-9190-1b028e527495,Cubic Feet per Minute,"{"kind":"flat","type":"Min","unit":"CFM","value":"170","category":"Airflow"}",170,CFM,Airflow,Min
ca0fb880-3919-42fd-8e0f-d248c1054574,645c4f8b-a55f-4ca2-9751-0a8625dccd00,,,,,a791359d-783e-49ff-9190-1b028e527495,Cubic Feet per Minute,"{"kind":"flat","type":"Heat","unit":"CFM","value":"680","category":"Airflow"}",680,CFM,Airflow,Heat
0a13dc37-20b1-4527-9f20-bdbcd5a64ebb,645c4f8b-a55f-4ca2-9751-0a8625dccd00,,,,,74d20bbe-dc1e-4477-ad2e-b9a7abbcf136,Degrees Fahrenheit,"{"kind":"flat","type":"EAT DB","unit":"°F","value":"55","category":null}",55,°F,,EAT DB
0f9b6036-6084-4e1f-85ff-84c6a1f5bfcc,645c4f8b-a55f-4ca2-9751-0a8625dccd00,,,,,74d20bbe-dc1e-4477-ad2e-b9a7abbcf136,Degrees Fahrenheit,"{"kind":"flat","type":"LAT DB","unit":"°F","value":"104","category":null}",104,°F,,LAT DB
780bc9f3-bacd-408a-afd8-e0114c085855,645c4f8b-a55f-4ca2-9751-0a8625dccd00,,,,,b1dbcb0d-fbe5-499b-a2f0-8d4c6ac9d120,Gallons per Minute,"{"kind":"flat","type":"GPM","unit":"GPM","value":"3.5","category":"Hot Water Coil"}",3.5,GPM,Hot Water Coil,GPM
7be52260-eca0-4a84-94f8-0ff7e0c17853,645c4f8b-a55f-4ca2-9751-0a8625dccd00,,,,,61cfa55b-e031-0bb9-6c24-af10e7af2b4c,Feet of Water Column,"{"kind":"flat","type":"WPD","unit":"ftH2O","value":"2.10","category":"Hot Water Coil"}",2.10,ftH2O,Hot Water Coil,WPD
d14e376b-a878-4af1-93cd-74b4cc4b8ead,645c4f8b-a55f-4ca2-9751-0a8625dccd00,,,,,74d20bbe-dc1e-4477-ad2e-b9a7abbcf136,Degrees Fahrenheit,"{"kind":"flat","type":"EWT","unit":"°F","value":"160","category":"Hot Water Coil"}",160,°F,Hot Water Coil,EWT
1f8a6958-f6ac-4c3e-873d-d6ef8de603ab,645c4f8b-a55f-4ca2-9751-0a8625dccd00,,,,,74d20bbe-dc1e-4477-ad2e-b9a7abbcf136,Degrees Fahrenheit,"{"kind":"flat","type":"LWT","unit":"°F","value":"140","category":"Hot Water Coil"}",140,°F,Hot Water Coil,LWT
75bfa148-a68b-4ed4-9168-775ac66aa57f,645c4f8b-a55f-4ca2-9751-0a8625dccd00,,,,,,,"{"kind":"flat","type":"FPI","unit":null,"value":"10","category":"Hot Water Coil"}",10,,Hot Water Coil,FPI
1fc0559d-c846-45b3-bffd-b02ce4837aae,645c4f8b-a55f-4ca2-9751-0a8625dccd00,,,,,,,"{"kind":"flat","type":"CO2 Sensor","unit":null,"value":"Not Provided","category":null}",Not Provided,,,CO2 Sensor
798473f2-91a5-47d0-8ad2-58d04c94be73,645c4f8b-a55f-4ca2-9751-0a8625dccd00,,,,,,,"{"kind":"flat","type":"Notes","unit":null,"value":"1,2,3,4,5,6,7","category":null}","1,2,3,4,5,6,7",,,Notes
b49cac5e-a8f4-4ad3-8243-77b09a9b504d,ab62530d-4e27-402c-8279-c3eb8a668482,bc663106-1c5c-4cc9-9f68-3a51eb3d4c5b,Manufacturer,74df1e98-d237-4dac-a7c1-024d504d41ab,Titus,,,"{"kind":"flat","type":"Manufacturer","unit":null,"value":"TITUS","category":null}",TITUS,,,Manufacturer
5a6dbe8f-71c7-461a-bad1-f77665ea63c7,ab62530d-4e27-402c-8279-c3eb8a668482,325c8c53-9f6e-4c60-b9b8-031a198a562a,Inlet Size,,,9b4bcff0-c98a-4b1a-9716-ca97df2009c5,inch,"{"kind":"flat","type":"Inlet Diameter","unit":"in","value":"8","category":"Casing"}",8,in,Casing,Inlet Diameter
fedc1aa2-fbf2-457d-a69d-c7e7bc2400f4,ab62530d-4e27-402c-8279-c3eb8a668482,ab685915-020e-4475-9f80-8a2915e81d5c,Air Flow,,,a791359d-783e-49ff-9190-1b028e527495,Cubic Feet per Minute,"{"kind":"flat","type":"Design","unit":"CFM","value":"475","category":"Airflow"}",475,CFM,Airflow,Design
e119e13f-ecef-4897-8f2c-3c20d535600c,ab62530d-4e27-402c-8279-c3eb8a668482,2d2ae19d-c0d6-41f1-a2c0-2a2b97a70745,Heating Capacity,,,b4146944-e490-4de3-bd2a-da7d7990c7d5,British Thermal Units per Hour,"{"kind":"flat","type":"TH","unit":"Btu/h","value":"15315.3","category":null}",15315.3,Btu/h,,TH
84b680c2-176f-4b56-a409-7cecff3eabf1,ab62530d-4e27-402c-8279-c3eb8a668482,00db6215-55f3-48dd-973e-ae6418c8d547,Pressure Drop,,,,,"{"kind":"flat","type":"APD","unit":"in-wg","value":"0.29","category":null}",0.29,in-wg,,APD
a51f98e1-7f52-4688-9fae-e862a6d92215,ab62530d-4e27-402c-8279-c3eb8a668482,082d3bb4-ce82-4162-9a75-c84469bbe714,Fluid,,,,,"{"kind":"flat","type":"Fluid","unit":null,"value":"WATER","category":"Hot Water Coil"}",WATER,,Hot Water Coil,Fluid
515e7e1f-def5-468d-a477-d0ae73400772,ab62530d-4e27-402c-8279-c3eb8a668482,eec607aa-5539-4423-90cf-d0a1e6b7910a,Reheat Coil Type,d1edc852-e089-4d4e-b751-9f2ec641a679,Hydronic - 2 Row,,,"{"kind":"flat","type":"Rows","unit":null,"value":"2","category":"Hot Water Coil"}",2,,Hot Water Coil,Rows
4aa62d6e-5dd7-481f-833b-62508b39e237,ab62530d-4e27-402c-8279-c3eb8a668482,29a6d06e-c05a-4c84-9e54-70505f109a0c,Control Valve Type,617aa605-5425-4833-81dd-b2f775193085,Two-Way Modulating,,,"{"kind":"flat","type":"Control","unit":null,"value":"2-WAY","category":null}",2-WAY,,,Control
d1a6d524-f71b-4877-9e0c-6a589c296cd8,ab62530d-4e27-402c-8279-c3eb8a668482,,,,,,,"{"kind":"flat","type":"RTU","unit":null,"value":"RTU-1","category":null}",RTU-1,,,RTU
0469f253-f1d5-4b41-88a9-090c92692d00,ab62530d-4e27-402c-8279-c3eb8a668482,,,,,,,"{"kind":"flat","type":"Model","unit":null,"value":"DESV-08","category":null}",DESV-08,,,Model
1db56176-4626-42b0-9821-6c1a17047d1f,ab62530d-4e27-402c-8279-c3eb8a668482,,,,,9b4bcff0-c98a-4b1a-9716-ca97df2009c5,inch,"{"kind":"flat","type":"Outlet Width","unit":"in","value":"12","category":"Casing"}",12,in,Casing,Outlet Width
0ebad7b8-d5fb-47a3-bed3-0c4c1528a976,ab62530d-4e27-402c-8279-c3eb8a668482,,,,,9b4bcff0-c98a-4b1a-9716-ca97df2009c5,inch,"{"kind":"flat","type":"Outlet Height","unit":"in","value":"10","category":"Casing"}",10,in,Casing,Outlet Height
cd39c329-3a15-4811-9f31-9f7811c19365,ab62530d-4e27-402c-8279-c3eb8a668482,,,,,9b4bcff0-c98a-4b1a-9716-ca97df2009c5,inch,"{"kind":"flat","type":"Box Height","unit":"in","value":"12","category":"Casing"}",12,in,Casing,Box Height
2cd9e300-7b11-4c88-8aa6-b9cbc5dee622,ab62530d-4e27-402c-8279-c3eb8a668482,,,,,a791359d-783e-49ff-9190-1b028e527495,Cubic Feet per Minute,"{"kind":"flat","type":"Min","unit":"CFM","value":"70","category":"Airflow"}",70,CFM,Airflow,Min
7337a41d-1c9c-46da-97f9-b4a2b6fb037e,ab62530d-4e27-402c-8279-c3eb8a668482,,,,,a791359d-783e-49ff-9190-1b028e527495,Cubic Feet per Minute,"{"kind":"flat","type":"Heat","unit":"CFM","value":"280","category":"Airflow"}",280,CFM,Airflow,Heat
d4d83137-5621-43c7-a3b5-0396896039d7,ab62530d-4e27-402c-8279-c3eb8a668482,,,,,74d20bbe-dc1e-4477-ad2e-b9a7abbcf136,Degrees Fahrenheit,"{"kind":"flat","type":"EAT DB","unit":"°F","value":"55","category":null}",55,°F,,EAT DB
a311395c-cbcc-4557-a375-74c7a888ae6e,ab62530d-4e27-402c-8279-c3eb8a668482,,,,,74d20bbe-dc1e-4477-ad2e-b9a7abbcf136,Degrees Fahrenheit,"{"kind":"flat","type":"LAT DB","unit":"°F","value":"106","category":null}",106,°F,,LAT DB
5c382e5b-ebf6-4b8b-8511-e4d4634aba2e,ab62530d-4e27-402c-8279-c3eb8a668482,,,,,b1dbcb0d-fbe5-499b-a2f0-8d4c6ac9d120,Gallons per Minute,"{"kind":"flat","type":"GPM","unit":"GPM","value":"1.5","category":"Hot Water Coil"}",1.5,GPM,Hot Water Coil,GPM
d58e80c1-3e95-47df-9f1c-28a5f8c3c17d,ab62530d-4e27-402c-8279-c3eb8a668482,,,,,61cfa55b-e031-0bb9-6c24-af10e7af2b4c,Feet of Water Column,"{"kind":"flat","type":"WPD","unit":"ftH2O","value":"0.78","category":"Hot Water Coil"}",0.78,ftH2O,Hot Water Coil,WPD
f1f3c806-9e85-40d8-b8c1-7dbc6decc4d2,ab62530d-4e27-402c-8279-c3eb8a668482,,,,,74d20bbe-dc1e-4477-ad2e-b9a7abbcf136,Degrees Fahrenheit,"{"kind":"flat","type":"EWT","unit":"°F","value":"160","category":"Hot Water Coil"}",160,°F,Hot Water Coil,EWT
7ec1f61c-4f33-43e1-a3cd-57bcc41a9cff,ab62530d-4e27-402c-8279-c3eb8a668482,,,,,74d20bbe-dc1e-4477-ad2e-b9a7abbcf136,Degrees Fahrenheit,"{"kind":"flat","type":"LWT","unit":"°F","value":"140","category":"Hot Water Coil"}",140,°F,Hot Water Coil,LWT
a66b30ae-5a4b-457d-86a0-631b6cf4d2be,ab62530d-4e27-402c-8279-c3eb8a668482,,,,,,,"{"kind":"flat","type":"FPI","unit":null,"value":"10","category":"Hot Water Coil"}",10,,Hot Water Coil,FPI
1e042f2b-6d34-4c92-a52a-f822aa84cd3b,ab62530d-4e27-402c-8279-c3eb8a668482,,,,,,,"{"kind":"flat","type":"CO2 Sensor","unit":null,"value":"Not Provided","category":null}",Not Provided,,,CO2 Sensor
66724ba7-21f7-47b7-b72f-ff914d7cf2bb,ab62530d-4e27-402c-8279-c3eb8a668482,,,,,,,"{"kind":"flat","type":"Notes","unit":null,"value":"1,2,3,4,5,6,7","category":null}","1,2,3,4,5,6,7",,,Notes
756852e4-eda0-42a8-9048-acdcfbc13979,8192d6d8-6489-4a71-96dc-da30100afe62,bc663106-1c5c-4cc9-9f68-3a51eb3d4c5b,Manufacturer,74df1e98-d237-4dac-a7c1-024d504d41ab,Titus,,,"{"kind":"flat","type":"Manufacturer","unit":null,"value":"TITUS","category":null}",TITUS,,,Manufacturer
b35d7d18-71c4-4dea-be68-5423c0475c06,8192d6d8-6489-4a71-96dc-da30100afe62,325c8c53-9f6e-4c60-b9b8-031a198a562a,Inlet Size,,,9b4bcff0-c98a-4b1a-9716-ca97df2009c5,inch,"{"kind":"flat","type":"Inlet Diameter","unit":"in","value":"10","category":"Casing"}",10,in,Casing,Inlet Diameter
a6474a3b-9724-4817-abe6-9f570de7e76b,8192d6d8-6489-4a71-96dc-da30100afe62,2d2ae19d-c0d6-41f1-a2c0-2a2b97a70745,Heating Capacity,,,b4146944-e490-4de3-bd2a-da7d7990c7d5,British Thermal Units per Hour,"{"kind":"flat","type":"TH","unit":"Btu/h","value":"23773.8","category":null}",23773.8,Btu/h,,TH
82ab33d2-079b-4818-b146-84507a3cfda9,8192d6d8-6489-4a71-96dc-da30100afe62,00db6215-55f3-48dd-973e-ae6418c8d547,Pressure Drop,,,,,"{"kind":"flat","type":"APD","unit":"in-wg","value":"0.33","category":null}",0.33,in-wg,,APD
3ba4df45-78f1-4a14-a1ff-903615313820,8192d6d8-6489-4a71-96dc-da30100afe62,00db6215-55f3-48dd-973e-ae6418c8d547,Pressure Drop,,,61cfa55b-e031-0bb9-6c24-af10e7af2b4c,Feet of Water Column,"{"kind":"flat","type":"WPD","unit":"ftH2O","value":"0.95","category":"Hot Water Coil"}",0.95,ftH2O,Hot Water Coil,WPD
c77f6f26-b10b-4b1e-8aba-5a0183570b3c,8192d6d8-6489-4a71-96dc-da30100afe62,082d3bb4-ce82-4162-9a75-c84469bbe714,Fluid,,,,,"{"kind":"flat","type":"Fluid","unit":null,"value":"WATER","category":"Hot Water Coil"}",WATER,,Hot Water Coil,Fluid
66ddc33b-c734-4814-b0a9-781cad2bec33,8192d6d8-6489-4a71-96dc-da30100afe62,c35a461c-234d-4cb2-b6e9-7f6c17834dae,Control Signal Type,,,,,"{"kind":"flat","type":"Control","unit":null,"value":"2-WAY","category":null}",2-WAY,,,Control
67cbd8f5-cd67-4d5c-ac05-335f5fe3672d,8192d6d8-6489-4a71-96dc-da30100afe62,,,,,,,"{"kind":"flat","type":"RTU","unit":null,"value":"RTU-2","category":null}",RTU-2,,,RTU
2c79eb3a-5306-4d1f-b415-9432233c43ce,8192d6d8-6489-4a71-96dc-da30100afe62,,,,,,,"{"kind":"flat","type":"Model","unit":null,"value":"DESV-10","category":null}",DESV-10,,,Model
0fc7dd6c-c35c-4d4f-9c0f-f554b2aca4cf,8192d6d8-6489-4a71-96dc-da30100afe62,,,,,9b4bcff0-c98a-4b1a-9716-ca97df2009c5,inch,"{"kind":"flat","type":"Outlet Width","unit":"in","value":"14","category":"Casing"}",14,in,Casing,Outlet Width
0d8e731d-d3e4-41da-9a39-708286d7ea75,8192d6d8-6489-4a71-96dc-da30100afe62,,,,,9b4bcff0-c98a-4b1a-9716-ca97df2009c5,inch,"{"kind":"flat","type":"Outlet Height","unit":"in","value":"13","category":"Casing"}",13,in,Casing,Outlet Height
515cc403-361d-4441-8d0f-64e61d32ec50,8192d6d8-6489-4a71-96dc-da30100afe62,,,,,9b4bcff0-c98a-4b1a-9716-ca97df2009c5,inch,"{"kind":"flat","type":"Box Height","unit":"in","value":"13","category":"Casing"}",13,in,Casing,Box Height
cfe77aea-c8f4-4619-8563-349a08e965ad,8192d6d8-6489-4a71-96dc-da30100afe62,,,,,a791359d-783e-49ff-9190-1b028e527495,Cubic Feet per Minute,"{"kind":"flat","type":"Min","unit":"CFM","value":"110","category":"Airflow"}",110,CFM,Airflow,Min
9f259561-772a-4d23-993e-7a1f79ab1f10,8192d6d8-6489-4a71-96dc-da30100afe62,,,,,a791359d-783e-49ff-9190-1b028e527495,Cubic Feet per Minute,"{"kind":"flat","type":"Heat","unit":"CFM","value":"440","category":"Airflow"}",440,CFM,Airflow,Heat
b2faba2e-f7a7-495e-9c97-92cc7c533a45,8192d6d8-6489-4a71-96dc-da30100afe62,,,,,a791359d-783e-49ff-9190-1b028e527495,Cubic Feet per Minute,"{"kind":"flat","type":"Design","unit":"CFM","value":"950","category":"Airflow"}",950,CFM,Airflow,Design
c1d3ccc6-6345-4a48-9af4-0b04652bf902,8192d6d8-6489-4a71-96dc-da30100afe62,,,,,74d20bbe-dc1e-4477-ad2e-b9a7abbcf136,Degrees Fahrenheit,"{"kind":"flat","type":"EAT DB","unit":"°F","value":"55","category":null}",55,°F,,EAT DB
77d616bb-50f0-453b-9163-82d03b210b25,8192d6d8-6489-4a71-96dc-da30100afe62,,,,,74d20bbe-dc1e-4477-ad2e-b9a7abbcf136,Degrees Fahrenheit,"{"kind":"flat","type":"LAT DB","unit":"°F","value":"105","category":null}",105,°F,,LAT DB
1833d0cd-f9b6-46c4-9932-ceefc115b308,8192d6d8-6489-4a71-96dc-da30100afe62,,,,,b1dbcb0d-fbe5-499b-a2f0-8d4c6ac9d120,Gallons per Minute,"{"kind":"flat","type":"GPM","unit":"GPM","value":"2.5","category":"Hot Water Coil"}",2.5,GPM,Hot Water Coil,GPM
651a8e5d-6a1e-421c-9ca8-b5b0f6ffecf5,8192d6d8-6489-4a71-96dc-da30100afe62,,,,,74d20bbe-dc1e-4477-ad2e-b9a7abbcf136,Degrees Fahrenheit,"{"kind":"flat","type":"EWT","unit":"°F","value":"160","category":"Hot Water Coil"}",160,°F,Hot Water Coil,EWT
bcf6892e-03e4-4083-9e6c-6934aeae9643,8192d6d8-6489-4a71-96dc-da30100afe62,,,,,74d20bbe-dc1e-4477-ad2e-b9a7abbcf136,Degrees Fahrenheit,"{"kind":"flat","type":"LWT","unit":"°F","value":"141","category":"Hot Water Coil"}",141,°F,Hot Water Coil,LWT
60cb7216-a1be-4948-bc2b-defc835be5a7,8192d6d8-6489-4a71-96dc-da30100afe62,,,,,,,"{"kind":"flat","type":"Rows","unit":null,"value":"2","category":"Hot Water Coil"}",2,,Hot Water Coil,Rows
162fa2d1-a636-4529-9260-e9f37eab205c,8192d6d8-6489-4a71-96dc-da30100afe62,,,,,,,"{"kind":"flat","type":"FPI","unit":null,"value":"10","category":"Hot Water Coil"}",10,,Hot Water Coil,FPI
41134e19-b900-41db-aef4-362cf82e918b,8192d6d8-6489-4a71-96dc-da30100afe62,,,,,,,"{"kind":"flat","type":"CO2 Sensor","unit":null,"value":"Provided","category":null}",Provided,,,CO2 Sensor
5bcafd71-4a6a-4230-9de9-70c9334cf794,8192d6d8-6489-4a71-96dc-da30100afe62,,,,,,,"{"kind":"flat","type":"Notes","unit":null,"value":"1,2,3,4,5,6,7","category":null}","1,2,3,4,5,6,7",,,Notes
30fecee2-8d42-40bd-9329-e584c17b4de2,4142e4f7-142c-469b-a590-8524dc7628e0,bc663106-1c5c-4cc9-9f68-3a51eb3d4c5b,Manufacturer,74df1e98-d237-4dac-a7c1-024d504d41ab,Titus,,,"{"kind":"flat","type":"Manufacturer","unit":null,"value":"TITUS","category":null}",TITUS,,,Manufacturer
f8400252-9146-43c6-a8f9-d9b3774d89a3,4142e4f7-142c-469b-a590-8524dc7628e0,325c8c53-9f6e-4c60-b9b8-031a198a562a,Inlet Size,,,9b4bcff0-c98a-4b1a-9716-ca97df2009c5,inch,"{"kind":"flat","type":"Inlet Diameter","unit":"in","value":"4","category":"Casing"}",4,in,Casing,Inlet Diameter
70d20d53-ecad-44b7-8a72-29a5baa814c7,4142e4f7-142c-469b-a590-8524dc7628e0,ab685915-020e-4475-9f80-8a2915e81d5c,Air Flow,,,a791359d-783e-49ff-9190-1b028e527495,Cubic Feet per Minute,"{"kind":"flat","type":"Min","unit":"CFM","value":"20","category":"Airflow"}",20,CFM,Airflow,Min
5d0ad27a-155e-4f26-b824-df9aac6486d8,4142e4f7-142c-469b-a590-8524dc7628e0,2d2ae19d-c0d6-41f1-a2c0-2a2b97a70745,Heating Capacity,,,b4146944-e490-4de3-bd2a-da7d7990c7d5,British Thermal Units per Hour,"{"kind":"flat","type":"TH","unit":"Btu/h","value":"4624.6","category":null}",4624.6,Btu/h,,TH
a23753ca-ca23-43f0-8c77-4ac2d4f3d034,4142e4f7-142c-469b-a590-8524dc7628e0,00db6215-55f3-48dd-973e-ae6418c8d547,Pressure Drop,,,,,"{"kind":"flat","type":"APD","unit":"in-wg","value":"0.06","category":null}",0.06,in-wg,,APD
e8110e36-178e-470d-8e21-9a9c561673a7,4142e4f7-142c-469b-a590-8524dc7628e0,082d3bb4-ce82-4162-9a75-c84469bbe714,Fluid,,,,,"{"kind":"flat","type":"Fluid","unit":null,"value":"WATER","category":"Hot Water Coil"}",WATER,,Hot Water Coil,Fluid
8b2e950b-3461-4314-9dd5-f073972eebc2,4142e4f7-142c-469b-a590-8524dc7628e0,29a6d06e-c05a-4c84-9e54-70505f109a0c,Control Valve Type,,,,,"{"kind":"flat","type":"Control","unit":null,"value":"2-WAY","category":null}",2-WAY,,,Control
ec78787d-3935-4896-a31b-0abdfd03d2b2,4142e4f7-142c-469b-a590-8524dc7628e0,,,,,,,"{"kind":"flat","type":"RTU","unit":null,"value":"RTU-2","category":null}",RTU-2,,,RTU
efc43204-8896-4e6d-9670-1d76aeb63185,4142e4f7-142c-469b-a590-8524dc7628e0,,,,,,,"{"kind":"flat","type":"Model","unit":null,"value":"DESV-04","category":null}",DESV-04,,,Model
c0b8af05-eb3f-47b2-86f5-194599927106,4142e4f7-142c-469b-a590-8524dc7628e0,,,,,9b4bcff0-c98a-4b1a-9716-ca97df2009c5,inch,"{"kind":"flat","type":"Outlet Width","unit":"in","value":"12","category":"Casing"}",12,in,Casing,Outlet Width
96de5c7b-cfd5-469e-b4fe-ee3b89ff3ca8,4142e4f7-142c-469b-a590-8524dc7628e0,,,,,9b4bcff0-c98a-4b1a-9716-ca97df2009c5,inch,"{"kind":"flat","type":"Outlet Height","unit":"in","value":"8","category":"Casing"}",8,in,Casing,Outlet Height
d0545211-fd9a-4e78-a867-70b8a2d53b71,4142e4f7-142c-469b-a590-8524dc7628e0,,,,,9b4bcff0-c98a-4b1a-9716-ca97df2009c5,inch,"{"kind":"flat","type":"Box Height","unit":"in","value":"12","category":"Casing"}",12,in,Casing,Box Height
1f1abc47-5b50-48a2-97e4-22f50c82584f,4142e4f7-142c-469b-a590-8524dc7628e0,,,,,a791359d-783e-49ff-9190-1b028e527495,Cubic Feet per Minute,"{"kind":"flat","type":"Heat","unit":"CFM","value":"80","category":"Airflow"}",80,CFM,Airflow,Heat
cde12224-ecbf-489a-a4b7-c735dd2686ee,4142e4f7-142c-469b-a590-8524dc7628e0,,,,,a791359d-783e-49ff-9190-1b028e527495,Cubic Feet per Minute,"{"kind":"flat","type":"Design","unit":"CFM","value":"100","category":"Airflow"}",100,CFM,Airflow,Design
df85520d-e13b-4c85-ac31-1595b3b41729,4142e4f7-142c-469b-a590-8524dc7628e0,,,,,74d20bbe-dc1e-4477-ad2e-b9a7abbcf136,Degrees Fahrenheit,"{"kind":"flat","type":"EAT DB","unit":"°F","value":"55","category":null}",55,°F,,EAT DB
f6916f72-721a-4426-9006-a3d2e4316d40,4142e4f7-142c-469b-a590-8524dc7628e0,,,,,74d20bbe-dc1e-4477-ad2e-b9a7abbcf136,Degrees Fahrenheit,"{"kind":"flat","type":"LAT DB","unit":"°F","value":"108","category":null}",108,°F,,LAT DB
1d61f2a8-6bfe-43ea-bdaa-9289374ca4a6,4142e4f7-142c-469b-a590-8524dc7628e0,,,,,b1dbcb0d-fbe5-499b-a2f0-8d4c6ac9d120,Gallons per Minute,"{"kind":"flat","type":"GPM","unit":"GPM","value":"0.4","category":"Hot Water Coil"}",0.4,GPM,Hot Water Coil,GPM
d2bf2f57-6d8d-4143-9f79-6359098fc6e1,4142e4f7-142c-469b-a590-8524dc7628e0,,,,,61cfa55b-e031-0bb9-6c24-af10e7af2b4c,Feet of Water Column,"{"kind":"flat","type":"WPD","unit":"ftH2O","value":"0.09","category":"Hot Water Coil"}",0.09,ftH2O,Hot Water Coil,WPD
7a38e9af-20a9-49e7-aec1-d6d6cacc6443,4142e4f7-142c-469b-a590-8524dc7628e0,,,,,74d20bbe-dc1e-4477-ad2e-b9a7abbcf136,Degrees Fahrenheit,"{"kind":"flat","type":"EWT","unit":"°F","value":"160","category":"Hot Water Coil"}",160,°F,Hot Water Coil,EWT
086188e9-d596-4c5b-814d-6cd300799f2f,4142e4f7-142c-469b-a590-8524dc7628e0,,,,,74d20bbe-dc1e-4477-ad2e-b9a7abbcf136,Degrees Fahrenheit,"{"kind":"flat","type":"LWT","unit":"°F","value":"137","category":"Hot Water Coil"}",137,°F,Hot Water Coil,LWT
b1e8e1fc-1882-4c00-9807-2ace1b6128a7,4142e4f7-142c-469b-a590-8524dc7628e0,,,,,,,"{"kind":"flat","type":"Rows","unit":null,"value":"2","category":"Hot Water Coil"}",2,,Hot Water Coil,Rows
1c6f9d62-b0de-426b-9e12-677c618f6629,4142e4f7-142c-469b-a590-8524dc7628e0,,,,,,,"{"kind":"flat","type":"FPI","unit":null,"value":"10","category":"Hot Water Coil"}",10,,Hot Water Coil,FPI
e8df517b-5226-4611-bdf0-b46bd446c7b6,4142e4f7-142c-469b-a590-8524dc7628e0,,,,,,,"{"kind":"flat","type":"CO2 Sensor","unit":null,"value":"Not Provided","category":null}",Not Provided,,,CO2 Sensor
1508df95-4e64-4faf-8e6e-68c0e9fbbc8d,4142e4f7-142c-469b-a590-8524dc7628e0,,,,,,,"{"kind":"flat","type":"Notes","unit":null,"value":"1,2,3,4,5,6,7","category":null}","1,2,3,4,5,6,7",,,Notes
778bf626-548d-4ea8-a0c1-26a8433904a1,40265980-cca5-4e8d-a079-2bdaeebc19df,bc663106-1c5c-4cc9-9f68-3a51eb3d4c5b,Manufacturer,74df1e98-d237-4dac-a7c1-024d504d41ab,Titus,,,"{"kind":"flat","type":"Manufacturer","unit":null,"value":"TITUS","category":null}",TITUS,,,Manufacturer
2cf36799-8f3a-4c5f-8526-aa25d2b8215a,40265980-cca5-4e8d-a079-2bdaeebc19df,325c8c53-9f6e-4c60-b9b8-031a198a562a,Inlet Size,,,9b4bcff0-c98a-4b1a-9716-ca97df2009c5,inch,"{"kind":"flat","type":"Inlet Diameter","unit":"in","value":"6","category":"Casing"}",6,in,Casing,Inlet Diameter
d4432367-3868-4fd8-a96c-2bb1ba9e8880,40265980-cca5-4e8d-a079-2bdaeebc19df,2d2ae19d-c0d6-41f1-a2c0-2a2b97a70745,Heating Capacity,,,b4146944-e490-4de3-bd2a-da7d7990c7d5,British Thermal Units per Hour,"{"kind":"flat","type":"TH","unit":"Btu/h","value":"9309.3","category":null}",9309.3,Btu/h,,TH
8129798c-041e-4036-844f-7c9caf9c1732,40265980-cca5-4e8d-a079-2bdaeebc19df,00db6215-55f3-48dd-973e-ae6418c8d547,Pressure Drop,,,,,"{"kind":"flat","type":"APD","unit":"in-wg","value":"0.18","category":null}",0.18,in-wg,,APD
7db38c08-7a17-4fb3-ad14-c3e958e3bea5,40265980-cca5-4e8d-a079-2bdaeebc19df,082d3bb4-ce82-4162-9a75-c84469bbe714,Fluid,,,,,"{"kind":"flat","type":"Fluid","unit":null,"value":"WATER","category":"Hot Water Coil"}",WATER,,Hot Water Coil,Fluid
11a0438c-b401-41fb-b9e0-7e514bd1a176,40265980-cca5-4e8d-a079-2bdaeebc19df,c35a461c-234d-4cb2-b6e9-7f6c17834dae,Control Signal Type,,,,,"{"kind":"flat","type":"Control","unit":null,"value":"2-WAY","category":null}",2-WAY,,,Control
3f54bddb-7db9-451b-a88a-87d7241dcd52,40265980-cca5-4e8d-a079-2bdaeebc19df,,,,,,,"{"kind":"flat","type":"RTU","unit":null,"value":"RTU-2","category":null}",RTU-2,,,RTU
b2197126-c9c1-4a2d-bc29-7ee58ad4f33c,40265980-cca5-4e8d-a079-2bdaeebc19df,,,,,,,"{"kind":"flat","type":"Model","unit":null,"value":"DESV-06","category":null}",DESV-06,,,Model
208966f8-33f1-46d2-accb-c9156fb2b247,40265980-cca5-4e8d-a079-2bdaeebc19df,,,,,9b4bcff0-c98a-4b1a-9716-ca97df2009c5,inch,"{"kind":"flat","type":"Outlet Width","unit":"in","value":"12","category":"Casing"}",12,in,Casing,Outlet Width
968663bf-2f84-4c58-bb40-9ba4a01bce1e,40265980-cca5-4e8d-a079-2bdaeebc19df,,,,,9b4bcff0-c98a-4b1a-9716-ca97df2009c5,inch,"{"kind":"flat","type":"Outlet Height","unit":"in","value":"8","category":"Casing"}",8,in,Casing,Outlet Height
d6aef1d7-20e0-44e6-8ca5-e5b885931053,40265980-cca5-4e8d-a079-2bdaeebc19df,,,,,9b4bcff0-c98a-4b1a-9716-ca97df2009c5,inch,"{"kind":"flat","type":"Box Height","unit":"in","value":"12","category":"Casing"}",12,in,Casing,Box Height
68402068-4bac-460f-8807-6c36ca675725,40265980-cca5-4e8d-a079-2bdaeebc19df,,,,,a791359d-783e-49ff-9190-1b028e527495,Cubic Feet per Minute,"{"kind":"flat","type":"Min","unit":"CFM","value":"40","category":"Airflow"}",40,CFM,Airflow,Min
a9b96675-f5b4-4378-9dc9-7039f9545b26,40265980-cca5-4e8d-a079-2bdaeebc19df,,,,,a791359d-783e-49ff-9190-1b028e527495,Cubic Feet per Minute,"{"kind":"flat","type":"Heat","unit":"CFM","value":"160","category":"Airflow"}",160,CFM,Airflow,Heat
d8711b8d-0d49-4e47-86bd-ed1e426f9a6e,40265980-cca5-4e8d-a079-2bdaeebc19df,,,,,a791359d-783e-49ff-9190-1b028e527495,Cubic Feet per Minute,"{"kind":"flat","type":"Design","unit":"CFM","value":"300","category":"Airflow"}",300,CFM,Airflow,Design
9dd5fccd-dd6f-4ab4-b8c9-1f5281f98ddd,40265980-cca5-4e8d-a079-2bdaeebc19df,,,,,74d20bbe-dc1e-4477-ad2e-b9a7abbcf136,Degrees Fahrenheit,"{"kind":"flat","type":"EAT DB","unit":"°F","value":"55","category":null}",55,°F,,EAT DB
a8130eae-7a30-495d-8412-033191e3c685,40265980-cca5-4e8d-a079-2bdaeebc19df,,,,,74d20bbe-dc1e-4477-ad2e-b9a7abbcf136,Degrees Fahrenheit,"{"kind":"flat","type":"LAT DB","unit":"°F","value":"109","category":null}",109,°F,,LAT DB
402b6c94-54be-4120-962f-c6241850230f,40265980-cca5-4e8d-a079-2bdaeebc19df,,,,,b1dbcb0d-fbe5-499b-a2f0-8d4c6ac9d120,Gallons per Minute,"{"kind":"flat","type":"GPM","unit":"GPM","value":"1","category":"Hot Water Coil"}",1,GPM,Hot Water Coil,GPM
fe78105e-93cc-4fe3-bd3f-a26af8486548,40265980-cca5-4e8d-a079-2bdaeebc19df,,,,,61cfa55b-e031-0bb9-6c24-af10e7af2b4c,Feet of Water Column,"{"kind":"flat","type":"WPD","unit":"ftH2O","value":"0.37","category":"Hot Water Coil"}",0.37,ftH2O,Hot Water Coil,WPD
3c2c2fcf-9410-40fd-af31-427f63190be8,40265980-cca5-4e8d-a079-2bdaeebc19df,,,,,74d20bbe-dc1e-4477-ad2e-b9a7abbcf136,Degrees Fahrenheit,"{"kind":"flat","type":"EWT","unit":"°F","value":"160","category":"Hot Water Coil"}",160,°F,Hot Water Coil,EWT
10353171-c5fb-4ff8-aae3-2e154e7a94f0,40265980-cca5-4e8d-a079-2bdaeebc19df,,,,,74d20bbe-dc1e-4477-ad2e-b9a7abbcf136,Degrees Fahrenheit,"{"kind":"flat","type":"LWT","unit":"°F","value":"141","category":"Hot Water Coil"}",141,°F,Hot Water Coil,LWT
9456ff0e-6d92-470f-b0ee-de029bffe515,40265980-cca5-4e8d-a079-2bdaeebc19df,,,,,,,"{"kind":"flat","type":"Rows","unit":null,"value":"2","category":"Hot Water Coil"}",2,,Hot Water Coil,Rows
7ad49a15-b3cc-4773-8101-a64c01376415,40265980-cca5-4e8d-a079-2bdaeebc19df,,,,,,,"{"kind":"flat","type":"FPI","unit":null,"value":"10","category":"Hot Water Coil"}",10,,Hot Water Coil,FPI
0355bd7f-bd3b-4c41-a6c0-a2d8d7f96269,40265980-cca5-4e8d-a079-2bdaeebc19df,,,,,,,"{"kind":"flat","type":"CO2 Sensor","unit":null,"value":"Not Provided","category":null}",Not Provided,,,CO2 Sensor
5bfb2699-e5d4-44fe-96d6-5b379eb40fc8,40265980-cca5-4e8d-a079-2bdaeebc19df,,,,,,,"{"kind":"flat","type":"Notes","unit":null,"value":"1,2,3,4,5,6,7","category":null}","1,2,3,4,5,6,7",,,Notes
765a127b-2bec-47b4-9526-7bfa7948944d,aa1a0c0f-c05e-4a3e-9356-c826c302c4e1,,,,,,,"{"kind":"flat","type":"RTU","unit":null,"value":"RTU-2","category":null}",RTU-2,,,RTU
0dd71e8f-60cd-432d-8455-34bcf559c2c2,aa1a0c0f-c05e-4a3e-9356-c826c302c4e1,bc663106-1c5c-4cc9-9f68-3a51eb3d4c5b,Manufacturer,74df1e98-d237-4dac-a7c1-024d504d41ab,Titus,,,"{"kind":"flat","type":"Manufacturer","unit":null,"value":"TITUS","category":null}",TITUS,,,Manufacturer
b4adb843-f3bb-497b-9d50-0b1985491e3e,aa1a0c0f-c05e-4a3e-9356-c826c302c4e1,,,,,,,"{"kind":"flat","type":"Model","unit":null,"value":"DESV-12","category":null}",DESV-12,,,Model
6b2b5597-53b9-4b59-b4cc-055413e8085d,aa1a0c0f-c05e-4a3e-9356-c826c302c4e1,325c8c53-9f6e-4c60-b9b8-031a198a562a,Inlet Size,,,9b4bcff0-c98a-4b1a-9716-ca97df2009c5,inch,"{"kind":"flat","type":"Inlet Diameter","unit":"in","value":"12","category":"Casing"}",12,in,Casing,Inlet Diameter
9925945e-1413-4df8-bdda-8dd456d85a7e,aa1a0c0f-c05e-4a3e-9356-c826c302c4e1,,,,,9b4bcff0-c98a-4b1a-9716-ca97df2009c5,inch,"{"kind":"flat","type":"Outlet Width","unit":"in","value":"16","category":"Casing"}",16,in,Casing,Outlet Width
c366e46a-8a07-439f-9b94-25c9a494e906,aa1a0c0f-c05e-4a3e-9356-c826c302c4e1,,,,,9b4bcff0-c98a-4b1a-9716-ca97df2009c5,inch,"{"kind":"flat","type":"Outlet Height","unit":"in","value":"15","category":"Casing"}",15,in,Casing,Outlet Height
066a7410-b670-4348-b0b4-b48eb4c9d402,aa1a0c0f-c05e-4a3e-9356-c826c302c4e1,ab685915-020e-4475-9f80-8a2915e81d5c,Air Flow,,,a791359d-783e-49ff-9190-1b028e527495,Cubic Feet per Minute,"{"kind":"flat","type":"Min","unit":"CFM","value":"170","category":"Airflow"}",170,CFM,Airflow,Min
b30989ba-c2e0-48ff-9a30-e3106b083c6e,aa1a0c0f-c05e-4a3e-9356-c826c302c4e1,ab685915-020e-4475-9f80-8a2915e81d5c,Air Flow,,,a791359d-783e-49ff-9190-1b028e527495,Cubic Feet per Minute,"{"kind":"flat","type":"Heat","unit":"CFM","value":"680","category":"Airflow"}",680,CFM,Airflow,Heat
e954aec2-edce-43e2-aaa9-ad461f0fb146,aa1a0c0f-c05e-4a3e-9356-c826c302c4e1,ab685915-020e-4475-9f80-8a2915e81d5c,Air Flow,,,a791359d-783e-49ff-9190-1b028e527495,Cubic Feet per Minute,"{"kind":"flat","type":"Design","unit":"CFM","value":"1300","category":"Airflow"}",1300,CFM,Airflow,Design
0a212d92-c650-4da2-b6c5-007ec6e421c5,aa1a0c0f-c05e-4a3e-9356-c826c302c4e1,2d2ae19d-c0d6-41f1-a2c0-2a2b97a70745,Heating Capacity,,,b4146944-e490-4de3-bd2a-da7d7990c7d5,British Thermal Units per Hour,"{"kind":"flat","type":"TH","unit":"Btu/h","value":"35910.9","category":null}",35910.9,Btu/h,,TH
3a370da0-f7ba-47c0-ae76-78e4db174a55,aa1a0c0f-c05e-4a3e-9356-c826c302c4e1,00db6215-55f3-48dd-973e-ae6418c8d547,Pressure Drop,,,,,"{"kind":"flat","type":"APD","unit":"in-wg","value":"0.40","category":null}",0.40,in-wg,,APD
a83b7aeb-b9f7-4828-a990-05e7ef9d39f4,aa1a0c0f-c05e-4a3e-9356-c826c302c4e1,00db6215-55f3-48dd-973e-ae6418c8d547,Pressure Drop,,,61cfa55b-e031-0bb9-6c24-af10e7af2b4c,Feet of Water Column,"{"kind":"flat","type":"WPD","unit":"ftH2O","value":"2.10","category":"Hot Water Coil"}",2.10,ftH2O,Hot Water Coil,WPD
f56a3030-2b83-45b0-bfdf-62816a56b19f,aa1a0c0f-c05e-4a3e-9356-c826c302c4e1,082d3bb4-ce82-4162-9a75-c84469bbe714,Fluid,,,,,"{"kind":"flat","type":"Fluid","unit":null,"value":"WATER","category":"Hot Water Coil"}",WATER,,Hot Water Coil,Fluid
947d6faf-6dc7-48e6-a766-35514e68c754,aa1a0c0f-c05e-4a3e-9356-c826c302c4e1,eec607aa-5539-4423-90cf-d0a1e6b7910a,Reheat Coil Type,d1edc852-e089-4d4e-b751-9f2ec641a679,Hydronic - 2 Row,,,"{"kind":"flat","type":"Rows","unit":null,"value":"2","category":"Hot Water Coil"}",2,,Hot Water Coil,Rows
702742ca-fc24-420b-8489-48c42d947a72,aa1a0c0f-c05e-4a3e-9356-c826c302c4e1,29a6d06e-c05a-4c84-9e54-70505f109a0c,Control Valve Type,617aa605-5425-4833-81dd-b2f775193085,Two-Way Modulating,,,"{"kind":"flat","type":"Control","unit":null,"value":"2-WAY","category":null}",2-WAY,,,Control
ba229f82-e2d7-4bf3-a743-4318626fcbb8,aa1a0c0f-c05e-4a3e-9356-c826c302c4e1,,,,,9b4bcff0-c98a-4b1a-9716-ca97df2009c5,inch,"{"kind":"flat","type":"Box Height","unit":"in","value":"15","category":"Casing"}",15,in,Casing,Box Height
d8b9380a-158f-4ce8-a6fd-d305e0109708,aa1a0c0f-c05e-4a3e-9356-c826c302c4e1,,,,,74d20bbe-dc1e-4477-ad2e-b9a7abbcf136,Degrees Fahrenheit,"{"kind":"flat","type":"EAT DB","unit":"°F","value":"55","category":null}",55,°F,,EAT DB
be1d6608-5505-4516-aad3-f05ccdc65ccf,aa1a0c0f-c05e-4a3e-9356-c826c302c4e1,,,,,74d20bbe-dc1e-4477-ad2e-b9a7abbcf136,Degrees Fahrenheit,"{"kind":"flat","type":"LAT DB","unit":"°F","value":"104","category":null}",104,°F,,LAT DB
dd59d65e-c29a-4a27-9657-85fc586c6f19,aa1a0c0f-c05e-4a3e-9356-c826c302c4e1,,,,,b1dbcb0d-fbe5-499b-a2f0-8d4c6ac9d120,Gallons per Minute,"{"kind":"flat","type":"GPM","unit":"GPM","value":"3.5","category":"Hot Water Coil"}",3.5,GPM,Hot Water Coil,GPM
83d87cbc-415a-4bb5-9b5c-2a683a862cbc,aa1a0c0f-c05e-4a3e-9356-c826c302c4e1,,,,,74d20bbe-dc1e-4477-ad2e-b9a7abbcf136,Degrees Fahrenheit,"{"kind":"flat","type":"EWT","unit":"°F","value":"160","category":"Hot Water Coil"}",160,°F,Hot Water Coil,EWT
87857d52-883a-4547-b749-d1966b7b19fe,aa1a0c0f-c05e-4a3e-9356-c826c302c4e1,,,,,74d20bbe-dc1e-4477-ad2e-b9a7abbcf136,Degrees Fahrenheit,"{"kind":"flat","type":"LWT","unit":"°F","value":"140","category":"Hot Water Coil"}",140,°F,Hot Water Coil,LWT
b2a44f19-4b75-46f1-aa4d-03972e4a593a,aa1a0c0f-c05e-4a3e-9356-c826c302c4e1,,,,,,,"{"kind":"flat","type":"FPI","unit":null,"value":"10","category":"Hot Water Coil"}",10,,Hot Water Coil,FPI
6ec68936-6bc0-4fdb-b6d4-ac301620774c,aa1a0c0f-c05e-4a3e-9356-c826c302c4e1,,,,,,,"{"kind":"flat","type":"CO2 Sensor","unit":null,"value":"Not Provided","category":null}",Not Provided,,,CO2 Sensor
ea2d773a-48b1-4ead-b3a6-ba599404b3d1,aa1a0c0f-c05e-4a3e-9356-c826c302c4e1,,,,,,,"{"kind":"flat","type":"Notes","unit":null,"value":"1,2,3,4,5,6,7","category":null}","1,2,3,4,5,6,7",,,Notes